9160,95,1336403990000,1336690940000
9159,95,1336117040000,1336403990000
9160,95,1336117040000,1336403990000
9158,95,1335786956000,1335791346000
9159,95,1335786956000,1335791346000
9160,95,1335786956000,1335791346000
9157,95,1335750577000,1335786746000
9158,95,1335750577000,1335786746000
9159,95,1335750577000,1335786746000
9160,95,1335750577000,1335786746000
9156,95,1335748506000,1335750577000
9157,95,1335748506000,1335750577000
9158,95,1335748506000,1335750577000
9159,95,1335748506000,1335750577000
9160,95,1335748506000,1335750577000
9155,95,1335746514000,1335748504000
9156,95,1335746514000,1335748504000
9157,95,1335746514000,1335748504000
9158,95,1335746514000,1335748504000
9159,95,1335746514000,1335748504000
9160,95,1335746514000,1335748504000
9154,95,1335739245000,1335745737000
9155,95,1335739245000,1335745737000
9156,95,1335739245000,1335745737000
9157,95,1335739245000,1335745737000
9158,95,1335739245000,1335745737000
9159,95,1335739245000,1335745737000
9160,95,1335739245000,1335745737000
9153,95,1335735748000,1335739014000
9154,95,1335735748000,1335739014000
9155,95,1335735748000,1335739014000
9156,95,1335735748000,1335739014000
9157,95,1335735748000,1335739014000
9158,95,1335735748000,1335739014000
9159,95,1335735748000,1335739014000
9160,95,1335735748000,1335739014000
9152,95,1335732482000,1335735748000
9153,95,1335732482000,1335735748000
9154,95,1335732482000,1335735748000
9155,95,1335732482000,1335735748000
9156,95,1335732482000,1335735748000
9157,95,1335732482000,1335735748000
9158,95,1335732482000,1335735748000
9159,95,1335732482000,1335735748000
9160,95,1335732482000,1335735748000
9151,95,1335724760000,1335730342000
9152,95,1335724760000,1335730342000
9153,95,1335724760000,1335730342000
9154,95,1335724760000,1335730342000
9155,95,1335724760000,1335730342000
9156,95,1335724760000,1335730342000
9157,95,1335724760000,1335730342000
9158,95,1335724760000,1335730342000
9159,95,1335724760000,1335730342000
9160,95,1335724760000,1335730342000
9150,95,1335315554000,1335346740000
9151,95,1335315554000,1335346740000
9152,95,1335315554000,1335346740000
9153,95,1335315554000,1335346740000
9154,95,1335315554000,1335346740000
9155,95,1335315554000,1335346740000
9156,95,1335315554000,1335346740000
9157,95,1335315554000,1335346740000
9158,95,1335315554000,1335346740000
9159,95,1335315554000,1335346740000
9160,95,1335315554000,1335346740000
9149,95,1335311857000,1335315029000
9150,95,1335311857000,1335315029000
9151,95,1335311857000,1335315029000
9152,95,1335311857000,1335315029000
9153,95,1335311857000,1335315029000
9154,95,1335311857000,1335315029000
9155,95,1335311857000,1335315029000
9156,95,1335311857000,1335315029000
9157,95,1335311857000,1335315029000
9158,95,1335311857000,1335315029000
9159,95,1335311857000,1335315029000
9160,95,1335311857000,1335315029000
9148,95,1334597961000,1334599842000
9149,95,1334597961000,1334599842000
9150,95,1334597961000,1334599842000
9151,95,1334597961000,1334599842000
9152,95,1334597961000,1334599842000
9153,95,1334597961000,1334599842000
9154,95,1334597961000,1334599842000
9155,95,1334597961000,1334599842000
9156,95,1334597961000,1334599842000
9157,95,1334597961000,1334599842000
9158,95,1334597961000,1334599842000
9159,95,1334597961000,1334599842000
9160,95,1334597961000,1334599842000
9147,95,1334229209000,1334237207000
9148,95,1334229209000,1334237207000
9149,95,1334229209000,1334237207000
9150,95,1334229209000,1334237207000
9151,95,1334229209000,1334237207000
9152,95,1334229209000,1334237207000
9153,95,1334229209000,1334237207000
9154,95,1334229209000,1334237207000
9155,95,1334229209000,1334237207000
9156,95,1334229209000,1334237207000
9157,95,1334229209000,1334237207000
9158,95,1334229209000,1334237207000
9159,95,1334229209000,1334237207000
9160,95,1334229209000,1334237207000
9146,95,1334221211000,1334229209000
9147,95,1334221211000,1334229209000
9148,95,1334221211000,1334229209000
9149,95,1334221211000,1334229209000
9150,95,1334221211000,1334229209000
9151,95,1334221211000,1334229209000
9152,95,1334221211000,1334229209000
9153,95,1334221211000,1334229209000
9154,95,1334221211000,1334229209000
9155,95,1334221211000,1334229209000
9156,95,1334221211000,1334229209000
9157,95,1334221211000,1334229209000
9158,95,1334221211000,1334229209000
9159,95,1334221211000,1334229209000
9160,95,1334221211000,1334229209000
9145,95,1334218658000,1334221069000
9146,95,1334218658000,1334221069000
9147,95,1334218658000,1334221069000
9148,95,1334218658000,1334221069000
9149,95,1334218658000,1334221069000
9150,95,1334218658000,1334221069000
9151,95,1334218658000,1334221069000
9152,95,1334218658000,1334221069000
9153,95,1334218658000,1334221069000
9154,95,1334218658000,1334221069000
9155,95,1334218658000,1334221069000
9156,95,1334218658000,1334221069000
9157,95,1334218658000,1334221069000
9158,95,1334218658000,1334221069000
9159,95,1334218658000,1334221069000
9160,95,1334218658000,1334221069000
9144,95,1334192855000,1334217005000
9145,95,1334192855000,1334217005000
9146,95,1334192855000,1334217005000
9147,95,1334192855000,1334217005000
9148,95,1334192855000,1334217005000
9149,95,1334192855000,1334217005000
9150,95,1334192855000,1334217005000
9151,95,1334192855000,1334217005000
9152,95,1334192855000,1334217005000
9153,95,1334192855000,1334217005000
9154,95,1334192855000,1334217005000
9155,95,1334192855000,1334217005000
9156,95,1334192855000,1334217005000
9157,95,1334192855000,1334217005000
9158,95,1334192855000,1334217005000
9159,95,1334192855000,1334217005000
9143,95,1334185836000,1334187668000
9144,95,1334185836000,1334187668000
9145,95,1334185836000,1334187668000
9146,95,1334185836000,1334187668000
9147,95,1334185836000,1334187668000
9148,95,1334185836000,1334187668000
9149,95,1334185836000,1334187668000
9150,95,1334185836000,1334187668000
9151,95,1334185836000,1334187668000
9152,95,1334185836000,1334187668000
9153,95,1334185836000,1334187668000
9154,95,1334185836000,1334187668000
9155,95,1334185836000,1334187668000
9156,95,1334185836000,1334187668000
9157,95,1334185836000,1334187668000
9158,95,1334185836000,1334187668000
9142,95,1334181206000,1334185209000
9143,95,1334181206000,1334185209000
9144,95,1334181206000,1334185209000
9145,95,1334181206000,1334185209000
9146,95,1334181206000,1334185209000
9147,95,1334181206000,1334185209000
9148,95,1334181206000,1334185209000
9149,95,1334181206000,1334185209000
9150,95,1334181206000,1334185209000
9151,95,1334181206000,1334185209000
9152,95,1334181206000,1334185209000
9153,95,1334181206000,1334185209000
9154,95,1334181206000,1334185209000
9155,95,1334181206000,1334185209000
9156,95,1334181206000,1334185209000
9157,95,1334181206000,1334185209000
9141,95,1334173571000,1334180495000
9142,95,1334173571000,1334180495000
9143,95,1334173571000,1334180495000
9144,95,1334173571000,1334180495000
9145,95,1334173571000,1334180495000
9146,95,1334173571000,1334180495000
9147,95,1334173571000,1334180495000
9148,95,1334173571000,1334180495000
9149,95,1334173571000,1334180495000
9150,95,1334173571000,1334180495000
9151,95,1334173571000,1334180495000
9152,95,1334173571000,1334180495000
9153,95,1334173571000,1334180495000
9154,95,1334173571000,1334180495000
9155,95,1334173571000,1334180495000
9156,95,1334173571000,1334180495000
9140,95,1333895224000,1333919224000
9141,95,1333895224000,1333919224000
9142,95,1333895224000,1333919224000
9143,95,1333895224000,1333919224000
9144,95,1333895224000,1333919224000
9145,95,1333895224000,1333919224000
9146,95,1333895224000,1333919224000
9147,95,1333895224000,1333919224000
9148,95,1333895224000,1333919224000
9149,95,1333895224000,1333919224000
9150,95,1333895224000,1333919224000
9151,95,1333895224000,1333919224000
9152,95,1333895224000,1333919224000
9153,95,1333895224000,1333919224000
9154,95,1333895224000,1333919224000
9155,95,1333895224000,1333919224000
9139,95,1333879259000,1333892338000
9140,95,1333879259000,1333892338000
9141,95,1333879259000,1333892338000
9142,95,1333879259000,1333892338000
9143,95,1333879259000,1333892338000
9144,95,1333879259000,1333892338000
9145,95,1333879259000,1333892338000
9146,95,1333879259000,1333892338000
9147,95,1333879259000,1333892338000
9148,95,1333879259000,1333892338000
9149,95,1333879259000,1333892338000
9150,95,1333879259000,1333892338000
9151,95,1333879259000,1333892338000
9152,95,1333879259000,1333892338000
9153,95,1333879259000,1333892338000
9154,95,1333879259000,1333892338000
9138,95,1333827789000,1333878832000
9139,95,1333827789000,1333878832000
9140,95,1333827789000,1333878832000
9141,95,1333827789000,1333878832000
9142,95,1333827789000,1333878832000
9143,95,1333827789000,1333878832000
9144,95,1333827789000,1333878832000
9145,95,1333827789000,1333878832000
9146,95,1333827789000,1333878832000
9147,95,1333827789000,1333878832000
9148,95,1333827789000,1333878832000
9149,95,1333827789000,1333878832000
9150,95,1333827789000,1333878832000
9151,95,1333827789000,1333878832000
9152,95,1333827789000,1333878832000
9153,95,1333827789000,1333878832000
9137,95,1333821769000,1333827244000
9138,95,1333821769000,1333827244000
9139,95,1333821769000,1333827244000
9140,95,1333821769000,1333827244000
9141,95,1333821769000,1333827244000
9142,95,1333821769000,1333827244000
9143,95,1333821769000,1333827244000
9144,95,1333821769000,1333827244000
9145,95,1333821769000,1333827244000
9146,95,1333821769000,1333827244000
9147,95,1333821769000,1333827244000
9148,95,1333821769000,1333827244000
9149,95,1333821769000,1333827244000
9150,95,1333821769000,1333827244000
9151,95,1333821769000,1333827244000
9152,95,1333821769000,1333827244000
9136,95,1333813667000,1333817195000
9137,95,1333813667000,1333817195000
9138,95,1333813667000,1333817195000
9139,95,1333813667000,1333817195000
9140,95,1333813667000,1333817195000
9141,95,1333813667000,1333817195000
9142,95,1333813667000,1333817195000
9143,95,1333813667000,1333817195000
9144,95,1333813667000,1333817195000
9145,95,1333813667000,1333817195000
9146,95,1333813667000,1333817195000
9147,95,1333813667000,1333817195000
9148,95,1333813667000,1333817195000
9149,95,1333813667000,1333817195000
9150,95,1333813667000,1333817195000
9151,95,1333813667000,1333817195000
9135,95,1333798203000,1333807438000
9136,95,1333798203000,1333807438000
9137,95,1333798203000,1333807438000
9138,95,1333798203000,1333807438000
9139,95,1333798203000,1333807438000
9140,95,1333798203000,1333807438000
9141,95,1333798203000,1333807438000
9142,95,1333798203000,1333807438000
9143,95,1333798203000,1333807438000
9144,95,1333798203000,1333807438000
9145,95,1333798203000,1333807438000
9146,95,1333798203000,1333807438000
9147,95,1333798203000,1333807438000
9148,95,1333798203000,1333807438000
9149,95,1333798203000,1333807438000
9150,95,1333798203000,1333807438000
9134,95,1333796014000,1333798203000
9135,95,1333796014000,1333798203000
9136,95,1333796014000,1333798203000
9137,95,1333796014000,1333798203000
9138,95,1333796014000,1333798203000
9139,95,1333796014000,1333798203000
9140,95,1333796014000,1333798203000
9141,95,1333796014000,1333798203000
9142,95,1333796014000,1333798203000
9143,95,1333796014000,1333798203000
9144,95,1333796014000,1333798203000
9145,95,1333796014000,1333798203000
9146,95,1333796014000,1333798203000
9147,95,1333796014000,1333798203000
9148,95,1333796014000,1333798203000
9149,95,1333796014000,1333798203000
9133,95,1333793884000,1333796014000
9134,95,1333793884000,1333796014000
9135,95,1333793884000,1333796014000
9136,95,1333793884000,1333796014000
9137,95,1333793884000,1333796014000
9138,95,1333793884000,1333796014000
9139,95,1333793884000,1333796014000
9140,95,1333793884000,1333796014000
9141,95,1333793884000,1333796014000
9142,95,1333793884000,1333796014000
9143,95,1333793884000,1333796014000
9144,95,1333793884000,1333796014000
9145,95,1333793884000,1333796014000
9146,95,1333793884000,1333796014000
9147,95,1333793884000,1333796014000
9148,95,1333793884000,1333796014000
9132,95,1333784330000,1333786509000
9133,95,1333784330000,1333786509000
9134,95,1333784330000,1333786509000
9135,95,1333784330000,1333786509000
9136,95,1333784330000,1333786509000
9137,95,1333784330000,1333786509000
9138,95,1333784330000,1333786509000
9139,95,1333784330000,1333786509000
9140,95,1333784330000,1333786509000
9141,95,1333784330000,1333786509000
9142,95,1333784330000,1333786509000
9143,95,1333784330000,1333786509000
9144,95,1333784330000,1333786509000
9145,95,1333784330000,1333786509000
9146,95,1333784330000,1333786509000
9147,95,1333784330000,1333786509000
9131,95,1333782137000,1333784325000
9132,95,1333782137000,1333784325000
9133,95,1333782137000,1333784325000
9134,95,1333782137000,1333784325000
9135,95,1333782137000,1333784325000
9136,95,1333782137000,1333784325000
9137,95,1333782137000,1333784325000
9138,95,1333782137000,1333784325000
9139,95,1333782137000,1333784325000
9140,95,1333782137000,1333784325000
9141,95,1333782137000,1333784325000
9142,95,1333782137000,1333784325000
9143,95,1333782137000,1333784325000
9144,95,1333782137000,1333784325000
9145,95,1333782137000,1333784325000
9146,95,1333782137000,1333784325000
9130,95,1333779389000,1333782137000
9131,95,1333779389000,1333782137000
9132,95,1333779389000,1333782137000
9133,95,1333779389000,1333782137000
9134,95,1333779389000,1333782137000
9135,95,1333779389000,1333782137000
9136,95,1333779389000,1333782137000
9137,95,1333779389000,1333782137000
9138,95,1333779389000,1333782137000
9139,95,1333779389000,1333782137000
9140,95,1333779389000,1333782137000
9141,95,1333779389000,1333782137000
9142,95,1333779389000,1333782137000
9143,95,1333779389000,1333782137000
9144,95,1333779389000,1333782137000
9145,95,1333779389000,1333782137000
9129,95,1333776640000,1333779389000
9130,95,1333776640000,1333779389000
9131,95,1333776640000,1333779389000
9132,95,1333776640000,1333779389000
9133,95,1333776640000,1333779389000
9134,95,1333776640000,1333779389000
9135,95,1333776640000,1333779389000
9136,95,1333776640000,1333779389000
9137,95,1333776640000,1333779389000
9138,95,1333776640000,1333779389000
9139,95,1333776640000,1333779389000
9140,95,1333776640000,1333779389000
9141,95,1333776640000,1333779389000
9142,95,1333776640000,1333779389000
9143,95,1333776640000,1333779389000
9144,95,1333776640000,1333779389000
9128,95,1333773299000,1333775310000
9129,95,1333773299000,1333775310000
9130,95,1333773299000,1333775310000
9131,95,1333773299000,1333775310000
9132,95,1333773299000,1333775310000
9133,95,1333773299000,1333775310000
9134,95,1333773299000,1333775310000
9135,95,1333773299000,1333775310000
9136,95,1333773299000,1333775310000
9137,95,1333773299000,1333775310000
9138,95,1333773299000,1333775310000
9139,95,1333773299000,1333775310000
9140,95,1333773299000,1333775310000
9141,95,1333773299000,1333775310000
9142,95,1333773299000,1333775310000
9143,95,1333773299000,1333775310000
9127,95,1333767880000,1333769965000
9128,95,1333767880000,1333769965000
9129,95,1333767880000,1333769965000
9130,95,1333767880000,1333769965000
9131,95,1333767880000,1333769965000
9132,95,1333767880000,1333769965000
9133,95,1333767880000,1333769965000
9134,95,1333767880000,1333769965000
9135,95,1333767880000,1333769965000
9136,95,1333767880000,1333769965000
9137,95,1333767880000,1333769965000
9138,95,1333767880000,1333769965000
9139,95,1333767880000,1333769965000
9140,95,1333767880000,1333769965000
9141,95,1333767880000,1333769965000
9142,95,1333767880000,1333769965000
9126,95,1333764272000,1333767180000
9127,95,1333764272000,1333767180000
9128,95,1333764272000,1333767180000
9129,95,1333764272000,1333767180000
9130,95,1333764272000,1333767180000
9131,95,1333764272000,1333767180000
9132,95,1333764272000,1333767180000
9133,95,1333764272000,1333767180000
9134,95,1333764272000,1333767180000
9135,95,1333764272000,1333767180000
9136,95,1333764272000,1333767180000
9137,95,1333764272000,1333767180000
9138,95,1333764272000,1333767180000
9139,95,1333764272000,1333767180000
9140,95,1333764272000,1333767180000
9141,95,1333764272000,1333767180000
9125,95,1333758393000,1333763025000
9126,95,1333758393000,1333763025000
9127,95,1333758393000,1333763025000
9128,95,1333758393000,1333763025000
9129,95,1333758393000,1333763025000
9130,95,1333758393000,1333763025000
9131,95,1333758393000,1333763025000
9132,95,1333758393000,1333763025000
9133,95,1333758393000,1333763025000
9134,95,1333758393000,1333763025000
9135,95,1333758393000,1333763025000
9136,95,1333758393000,1333763025000
9137,95,1333758393000,1333763025000
9138,95,1333758393000,1333763025000
9139,95,1333758393000,1333763025000
9140,95,1333758393000,1333763025000
9124,95,1333756195000,1333758393000
9125,95,1333756195000,1333758393000
9126,95,1333756195000,1333758393000
9127,95,1333756195000,1333758393000
9128,95,1333756195000,1333758393000
9129,95,1333756195000,1333758393000
9130,95,1333756195000,1333758393000
9131,95,1333756195000,1333758393000
9132,95,1333756195000,1333758393000
9133,95,1333756195000,1333758393000
9134,95,1333756195000,1333758393000
9135,95,1333756195000,1333758393000
9136,95,1333756195000,1333758393000
9137,95,1333756195000,1333758393000
9138,95,1333756195000,1333758393000
9139,95,1333756195000,1333758393000
9123,95,1333752424000,1333756146000
9124,95,1333752424000,1333756146000
9125,95,1333752424000,1333756146000
9126,95,1333752424000,1333756146000
9127,95,1333752424000,1333756146000
9128,95,1333752424000,1333756146000
9129,95,1333752424000,1333756146000
9130,95,1333752424000,1333756146000
9131,95,1333752424000,1333756146000
9132,95,1333752424000,1333756146000
9133,95,1333752424000,1333756146000
9134,95,1333752424000,1333756146000
9135,95,1333752424000,1333756146000
9136,95,1333752424000,1333756146000
9137,95,1333752424000,1333756146000
9138,95,1333752424000,1333756146000
9122,95,1333750319000,1333752424000
9123,95,1333750319000,1333752424000
9124,95,1333750319000,1333752424000
9125,95,1333750319000,1333752424000
9126,95,1333750319000,1333752424000
9127,95,1333750319000,1333752424000
9128,95,1333750319000,1333752424000
9129,95,1333750319000,1333752424000
9130,95,1333750319000,1333752424000
9131,95,1333750319000,1333752424000
9132,95,1333750319000,1333752424000
9133,95,1333750319000,1333752424000
9134,95,1333750319000,1333752424000
9135,95,1333750319000,1333752424000
9136,95,1333750319000,1333752424000
9137,95,1333750319000,1333752424000
9121,95,1333487271000,1333489475000
9122,95,1333487271000,1333489475000
9123,95,1333487271000,1333489475000
9124,95,1333487271000,1333489475000
9125,95,1333487271000,1333489475000
9126,95,1333487271000,1333489475000
9127,95,1333487271000,1333489475000
9128,95,1333487271000,1333489475000
9129,95,1333487271000,1333489475000
9130,95,1333487271000,1333489475000
9131,95,1333487271000,1333489475000
9132,95,1333487271000,1333489475000
9133,95,1333487271000,1333489475000
9134,95,1333487271000,1333489475000
9135,95,1333487271000,1333489475000
9136,95,1333487271000,1333489475000
9120,95,1333475366000,1333486325000
9121,95,1333475366000,1333486325000
9122,95,1333475366000,1333486325000
9123,95,1333475366000,1333486325000
9124,95,1333475366000,1333486325000
9125,95,1333475366000,1333486325000
9126,95,1333475366000,1333486325000
9127,95,1333475366000,1333486325000
9128,95,1333475366000,1333486325000
9129,95,1333475366000,1333486325000
9130,95,1333475366000,1333486325000
9131,95,1333475366000,1333486325000
9132,95,1333475366000,1333486325000
9133,95,1333475366000,1333486325000
9134,95,1333475366000,1333486325000
9135,95,1333475366000,1333486325000
9119,95,1333466333000,1333469278000
9120,95,1333466333000,1333469278000
9121,95,1333466333000,1333469278000
9122,95,1333466333000,1333469278000
9123,95,1333466333000,1333469278000
9124,95,1333466333000,1333469278000
9125,95,1333466333000,1333469278000
9126,95,1333466333000,1333469278000
9127,95,1333466333000,1333469278000
9128,95,1333466333000,1333469278000
9129,95,1333466333000,1333469278000
9130,95,1333466333000,1333469278000
9131,95,1333466333000,1333469278000
9132,95,1333466333000,1333469278000
9133,95,1333466333000,1333469278000
9134,95,1333466333000,1333469278000
9118,95,1333459167000,1333461468000
9119,95,1333459167000,1333461468000
9120,95,1333459167000,1333461468000
9121,95,1333459167000,1333461468000
9122,95,1333459167000,1333461468000
9123,95,1333459167000,1333461468000
9124,95,1333459167000,1333461468000
9125,95,1333459167000,1333461468000
9126,95,1333459167000,1333461468000
9127,95,1333459167000,1333461468000
9128,95,1333459167000,1333461468000
9129,95,1333459167000,1333461468000
9130,95,1333459167000,1333461468000
9131,95,1333459167000,1333461468000
9132,95,1333459167000,1333461468000
9133,95,1333459167000,1333461468000
9117,95,1332981988000,1333007308000
9118,95,1332981988000,1333007308000
9119,95,1332981988000,1333007308000
9120,95,1332981988000,1333007308000
9121,95,1332981988000,1333007308000
9122,95,1332981988000,1333007308000
9123,95,1332981988000,1333007308000
9124,95,1332981988000,1333007308000
9125,95,1332981988000,1333007308000
9126,95,1332981988000,1333007308000
9127,95,1332981988000,1333007308000
9128,95,1332981988000,1333007308000
9129,95,1332981988000,1333007308000
9130,95,1332981988000,1333007308000
9131,95,1332981988000,1333007308000
9132,95,1332981988000,1333007308000
9116,95,1332932946000,1332977313000
9117,95,1332932946000,1332977313000
9118,95,1332932946000,1332977313000
9119,95,1332932946000,1332977313000
9120,95,1332932946000,1332977313000
9121,95,1332932946000,1332977313000
9122,95,1332932946000,1332977313000
9123,95,1332932946000,1332977313000
9124,95,1332932946000,1332977313000
9125,95,1332932946000,1332977313000
9126,95,1332932946000,1332977313000
9127,95,1332932946000,1332977313000
9128,95,1332932946000,1332977313000
9129,95,1332932946000,1332977313000
9130,95,1332932946000,1332977313000
9131,95,1332932946000,1332977313000
9115,95,1332888578000,1332932946000
9116,95,1332888578000,1332932946000
9117,95,1332888578000,1332932946000
9118,95,1332888578000,1332932946000
9119,95,1332888578000,1332932946000
9120,95,1332888578000,1332932946000
9121,95,1332888578000,1332932946000
9122,95,1332888578000,1332932946000
9123,95,1332888578000,1332932946000
9124,95,1332888578000,1332932946000
9125,95,1332888578000,1332932946000
9126,95,1332888578000,1332932946000
9127,95,1332888578000,1332932946000
9128,95,1332888578000,1332932946000
9129,95,1332888578000,1332932946000
9130,95,1332888578000,1332932946000
9114,95,1332772286000,1332798096000
9115,95,1332772286000,1332798096000
9116,95,1332772286000,1332798096000
9117,95,1332772286000,1332798096000
9118,95,1332772286000,1332798096000
9119,95,1332772286000,1332798096000
9120,95,1332772286000,1332798096000
9121,95,1332772286000,1332798096000
9122,95,1332772286000,1332798096000
9123,95,1332772286000,1332798096000
9124,95,1332772286000,1332798096000
9125,95,1332772286000,1332798096000
9126,95,1332772286000,1332798096000
9127,95,1332772286000,1332798096000
9128,95,1332772286000,1332798096000
9129,95,1332772286000,1332798096000
9113,95,1332768727000,1332770981000
9114,95,1332768727000,1332770981000
9115,95,1332768727000,1332770981000
9116,95,1332768727000,1332770981000
9117,95,1332768727000,1332770981000
9118,95,1332768727000,1332770981000
9119,95,1332768727000,1332770981000
9120,95,1332768727000,1332770981000
9121,95,1332768727000,1332770981000
9122,95,1332768727000,1332770981000
9123,95,1332768727000,1332770981000
9124,95,1332768727000,1332770981000
9125,95,1332768727000,1332770981000
9126,95,1332768727000,1332770981000
9127,95,1332768727000,1332770981000
9128,95,1332768727000,1332770981000
9112,95,1332713504000,1332768274000
9113,95,1332713504000,1332768274000
9114,95,1332713504000,1332768274000
9115,95,1332713504000,1332768274000
9116,95,1332713504000,1332768274000
9117,95,1332713504000,1332768274000
9118,95,1332713504000,1332768274000
9119,95,1332713504000,1332768274000
9120,95,1332713504000,1332768274000
9121,95,1332713504000,1332768274000
9122,95,1332713504000,1332768274000
9123,95,1332713504000,1332768274000
9124,95,1332713504000,1332768274000
9125,95,1332713504000,1332768274000
9126,95,1332713504000,1332768274000
9127,95,1332713504000,1332768274000
9111,95,1332186023000,1332235408000
9112,95,1332186023000,1332235408000
9113,95,1332186023000,1332235408000
9114,95,1332186023000,1332235408000
9115,95,1332186023000,1332235408000
9116,95,1332186023000,1332235408000
9117,95,1332186023000,1332235408000
9118,95,1332186023000,1332235408000
9119,95,1332186023000,1332235408000
9120,95,1332186023000,1332235408000
9121,95,1332186023000,1332235408000
9122,95,1332186023000,1332235408000
9123,95,1332186023000,1332235408000
9124,95,1332186023000,1332235408000
9125,95,1332186023000,1332235408000
9126,95,1332186023000,1332235408000
9110,95,1332184205000,1332186012000
9111,95,1332184205000,1332186012000
9112,95,1332184205000,1332186012000
9113,95,1332184205000,1332186012000
9114,95,1332184205000,1332186012000
9115,95,1332184205000,1332186012000
9116,95,1332184205000,1332186012000
9117,95,1332184205000,1332186012000
9118,95,1332184205000,1332186012000
9119,95,1332184205000,1332186012000
9120,95,1332184205000,1332186012000
9121,95,1332184205000,1332186012000
9122,95,1332184205000,1332186012000
9123,95,1332184205000,1332186012000
9124,95,1332184205000,1332186012000
9125,95,1332184205000,1332186012000
9109,95,1332150877000,1332182467000
9110,95,1332150877000,1332182467000
9111,95,1332150877000,1332182467000
9112,95,1332150877000,1332182467000
9113,95,1332150877000,1332182467000
9114,95,1332150877000,1332182467000
9115,95,1332150877000,1332182467000
9116,95,1332150877000,1332182467000
9117,95,1332150877000,1332182467000
9118,95,1332150877000,1332182467000
9119,95,1332150877000,1332182467000
9120,95,1332150877000,1332182467000
9121,95,1332150877000,1332182467000
9122,95,1332150877000,1332182467000
9123,95,1332150877000,1332182467000
9124,95,1332150877000,1332182467000
9108,95,1331464883000,1331815593000
9109,95,1331464883000,1331815593000
9110,95,1331464883000,1331815593000
9111,95,1331464883000,1331815593000
9112,95,1331464883000,1331815593000
9113,95,1331464883000,1331815593000
9114,95,1331464883000,1331815593000
9115,95,1331464883000,1331815593000
9116,95,1331464883000,1331815593000
9117,95,1331464883000,1331815593000
9118,95,1331464883000,1331815593000
9119,95,1331464883000,1331815593000
9120,95,1331464883000,1331815593000
9121,95,1331464883000,1331815593000
9122,95,1331464883000,1331815593000
9123,95,1331464883000,1331815593000
9284,95,1331451899000,1331497016000
9107,95,1331114173000,1331464883000
9108,95,1331114173000,1331464883000
9109,95,1331114173000,1331464883000
9110,95,1331114173000,1331464883000
9111,95,1331114173000,1331464883000
9112,95,1331114173000,1331464883000
9113,95,1331114173000,1331464883000
9114,95,1331114173000,1331464883000
9115,95,1331114173000,1331464883000
9116,95,1331114173000,1331464883000
9117,95,1331114173000,1331464883000
9118,95,1331114173000,1331464883000
9119,95,1331114173000,1331464883000
9120,95,1331114173000,1331464883000
9121,95,1331114173000,1331464883000
9122,95,1331114173000,1331464883000
9283,95,1331071415000,1331110591000
9284,95,1331071415000,1331110591000
9282,95,1331024424000,1331069901000
9283,95,1331024424000,1331069901000
9284,95,1331024424000,1331069901000
9281,95,1330848009000,1330897558000
9282,95,1330848009000,1330897558000
9283,95,1330848009000,1330897558000
9284,95,1330848009000,1330897558000
9280,95,1330813026000,1330846735000
9281,95,1330813026000,1330846735000
9282,95,1330813026000,1330846735000
9283,95,1330813026000,1330846735000
9284,95,1330813026000,1330846735000
9279,95,1330771624000,1330812120000
9280,95,1330771624000,1330812120000
9281,95,1330771624000,1330812120000
9282,95,1330771624000,1330812120000
9283,95,1330771624000,1330812120000
9284,95,1330771624000,1330812120000
9278,95,1330731128000,1330771624000
9279,95,1330731128000,1330771624000
9280,95,1330731128000,1330771624000
9281,95,1330731128000,1330771624000
9282,95,1330731128000,1330771624000
9283,95,1330731128000,1330771624000
9284,95,1330731128000,1330771624000
9277,95,1330690632000,1330731128000
9278,95,1330690632000,1330731128000
9279,95,1330690632000,1330731128000
9280,95,1330690632000,1330731128000
9281,95,1330690632000,1330731128000
9282,95,1330690632000,1330731128000
9283,95,1330690632000,1330731128000
9284,95,1330690632000,1330731128000
9276,95,1330687903000,1330690632000
9277,95,1330687903000,1330690632000
9278,95,1330687903000,1330690632000
9279,95,1330687903000,1330690632000
9280,95,1330687903000,1330690632000
9281,95,1330687903000,1330690632000
9282,95,1330687903000,1330690632000
9283,95,1330687903000,1330690632000
9284,95,1330687903000,1330690632000
9275,95,1330635040000,1330686882000
9276,95,1330635040000,1330686882000
9277,95,1330635040000,1330686882000
9278,95,1330635040000,1330686882000
9279,95,1330635040000,1330686882000
9280,95,1330635040000,1330686882000
9281,95,1330635040000,1330686882000
9282,95,1330635040000,1330686882000
9283,95,1330635040000,1330686882000
9284,95,1330635040000,1330686882000
9274,95,1330552671000,1330634015000
9275,95,1330552671000,1330634015000
9276,95,1330552671000,1330634015000
9277,95,1330552671000,1330634015000
9278,95,1330552671000,1330634015000
9279,95,1330552671000,1330634015000
9280,95,1330552671000,1330634015000
9281,95,1330552671000,1330634015000
9282,95,1330552671000,1330634015000
9283,95,1330552671000,1330634015000
9284,95,1330552671000,1330634015000
9273,95,1330506964000,1330551484000
9274,95,1330506964000,1330551484000
9275,95,1330506964000,1330551484000
9276,95,1330506964000,1330551484000
9277,95,1330506964000,1330551484000
9278,95,1330506964000,1330551484000
9279,95,1330506964000,1330551484000
9280,95,1330506964000,1330551484000
9281,95,1330506964000,1330551484000
9282,95,1330506964000,1330551484000
9283,95,1330506964000,1330551484000
9284,95,1330506964000,1330551484000
9272,95,1330464160000,1330505994000
9273,95,1330464160000,1330505994000
9274,95,1330464160000,1330505994000
9275,95,1330464160000,1330505994000
9276,95,1330464160000,1330505994000
9277,95,1330464160000,1330505994000
9278,95,1330464160000,1330505994000
9279,95,1330464160000,1330505994000
9280,95,1330464160000,1330505994000
9281,95,1330464160000,1330505994000
9282,95,1330464160000,1330505994000
9283,95,1330464160000,1330505994000
9284,95,1330464160000,1330505994000
9271,95,1330110536000,1330161421000
9272,95,1330110536000,1330161421000
9273,95,1330110536000,1330161421000
9274,95,1330110536000,1330161421000
9275,95,1330110536000,1330161421000
9276,95,1330110536000,1330161421000
9277,95,1330110536000,1330161421000
9278,95,1330110536000,1330161421000
9279,95,1330110536000,1330161421000
9280,95,1330110536000,1330161421000
9281,95,1330110536000,1330161421000
9282,95,1330110536000,1330161421000
9283,95,1330110536000,1330161421000
9284,95,1330110536000,1330161421000
9270,95,1330072972000,1330107157000
9271,95,1330072972000,1330107157000
9272,95,1330072972000,1330107157000
9273,95,1330072972000,1330107157000
9274,95,1330072972000,1330107157000
9275,95,1330072972000,1330107157000
9276,95,1330072972000,1330107157000
9277,95,1330072972000,1330107157000
9278,95,1330072972000,1330107157000
9279,95,1330072972000,1330107157000
9280,95,1330072972000,1330107157000
9281,95,1330072972000,1330107157000
9282,95,1330072972000,1330107157000
9283,95,1330072972000,1330107157000
9284,95,1330072972000,1330107157000
9269,95,1330027606000,1330071876000
9270,95,1330027606000,1330071876000
9271,95,1330027606000,1330071876000
9272,95,1330027606000,1330071876000
9273,95,1330027606000,1330071876000
9274,95,1330027606000,1330071876000
9275,95,1330027606000,1330071876000
9276,95,1330027606000,1330071876000
9277,95,1330027606000,1330071876000
9278,95,1330027606000,1330071876000
9279,95,1330027606000,1330071876000
9280,95,1330027606000,1330071876000
9281,95,1330027606000,1330071876000
9282,95,1330027606000,1330071876000
9283,95,1330027606000,1330071876000
9284,95,1330027606000,1330071876000
9268,95,1329988401000,1330026998000
9269,95,1329988401000,1330026998000
9270,95,1329988401000,1330026998000
9271,95,1329988401000,1330026998000
9272,95,1329988401000,1330026998000
9273,95,1329988401000,1330026998000
9274,95,1329988401000,1330026998000
9275,95,1329988401000,1330026998000
9276,95,1329988401000,1330026998000
9277,95,1329988401000,1330026998000
9278,95,1329988401000,1330026998000
9279,95,1329988401000,1330026998000
9280,95,1329988401000,1330026998000
9281,95,1329988401000,1330026998000
9282,95,1329988401000,1330026998000
9283,95,1329988401000,1330026998000
9267,95,1329945548000,1329987448000
9268,95,1329945548000,1329987448000
9269,95,1329945548000,1329987448000
9270,95,1329945548000,1329987448000
9271,95,1329945548000,1329987448000
9272,95,1329945548000,1329987448000
9273,95,1329945548000,1329987448000
9274,95,1329945548000,1329987448000
9275,95,1329945548000,1329987448000
9276,95,1329945548000,1329987448000
9277,95,1329945548000,1329987448000
9278,95,1329945548000,1329987448000
9279,95,1329945548000,1329987448000
9280,95,1329945548000,1329987448000
9281,95,1329945548000,1329987448000
9282,95,1329945548000,1329987448000
9266,95,1329901274000,1329944864000
9267,95,1329901274000,1329944864000
9268,95,1329901274000,1329944864000
9269,95,1329901274000,1329944864000
9270,95,1329901274000,1329944864000
9271,95,1329901274000,1329944864000
9272,95,1329901274000,1329944864000
9273,95,1329901274000,1329944864000
9274,95,1329901274000,1329944864000
9275,95,1329901274000,1329944864000
9276,95,1329901274000,1329944864000
9277,95,1329901274000,1329944864000
9278,95,1329901274000,1329944864000
9279,95,1329901274000,1329944864000
9280,95,1329901274000,1329944864000
9281,95,1329901274000,1329944864000
9265,95,1329814933000,1329856497000
9266,95,1329814933000,1329856497000
9267,95,1329814933000,1329856497000
9268,95,1329814933000,1329856497000
9269,95,1329814933000,1329856497000
9270,95,1329814933000,1329856497000
9271,95,1329814933000,1329856497000
9272,95,1329814933000,1329856497000
9273,95,1329814933000,1329856497000
9274,95,1329814933000,1329856497000
9275,95,1329814933000,1329856497000
9276,95,1329814933000,1329856497000
9277,95,1329814933000,1329856497000
9278,95,1329814933000,1329856497000
9279,95,1329814933000,1329856497000
9280,95,1329814933000,1329856497000
9264,95,1329774797000,1329814561000
9265,95,1329774797000,1329814561000
9266,95,1329774797000,1329814561000
9267,95,1329774797000,1329814561000
9268,95,1329774797000,1329814561000
9269,95,1329774797000,1329814561000
9270,95,1329774797000,1329814561000
9271,95,1329774797000,1329814561000
9272,95,1329774797000,1329814561000
9273,95,1329774797000,1329814561000
9274,95,1329774797000,1329814561000
9275,95,1329774797000,1329814561000
9276,95,1329774797000,1329814561000
9277,95,1329774797000,1329814561000
9278,95,1329774797000,1329814561000
9279,95,1329774797000,1329814561000
9263,95,1329726465000,1329774395000
9264,95,1329726465000,1329774395000
9265,95,1329726465000,1329774395000
9266,95,1329726465000,1329774395000
9267,95,1329726465000,1329774395000
9268,95,1329726465000,1329774395000
9269,95,1329726465000,1329774395000
9270,95,1329726465000,1329774395000
9271,95,1329726465000,1329774395000
9272,95,1329726465000,1329774395000
9273,95,1329726465000,1329774395000
9274,95,1329726465000,1329774395000
9275,95,1329726465000,1329774395000
9276,95,1329726465000,1329774395000
9277,95,1329726465000,1329774395000
9278,95,1329726465000,1329774395000
9262,95,1329687836000,1329725461000
9263,95,1329687836000,1329725461000
9264,95,1329687836000,1329725461000
9265,95,1329687836000,1329725461000
9266,95,1329687836000,1329725461000
9267,95,1329687836000,1329725461000
9268,95,1329687836000,1329725461000
9269,95,1329687836000,1329725461000
9270,95,1329687836000,1329725461000
9271,95,1329687836000,1329725461000
9272,95,1329687836000,1329725461000
9273,95,1329687836000,1329725461000
9274,95,1329687836000,1329725461000
9275,95,1329687836000,1329725461000
9276,95,1329687836000,1329725461000
9277,95,1329687836000,1329725461000
9261,95,1329639630000,1329687385000
9262,95,1329639630000,1329687385000
9263,95,1329639630000,1329687385000
9264,95,1329639630000,1329687385000
9265,95,1329639630000,1329687385000
9266,95,1329639630000,1329687385000
9267,95,1329639630000,1329687385000
9268,95,1329639630000,1329687385000
9269,95,1329639630000,1329687385000
9270,95,1329639630000,1329687385000
9271,95,1329639630000,1329687385000
9272,95,1329639630000,1329687385000
9273,95,1329639630000,1329687385000
9274,95,1329639630000,1329687385000
9275,95,1329639630000,1329687385000
9276,95,1329639630000,1329687385000
9260,95,1329593995000,1329638724000
9261,95,1329593995000,1329638724000
9262,95,1329593995000,1329638724000
9263,95,1329593995000,1329638724000
9264,95,1329593995000,1329638724000
9265,95,1329593995000,1329638724000
9266,95,1329593995000,1329638724000
9267,95,1329593995000,1329638724000
9268,95,1329593995000,1329638724000
9269,95,1329593995000,1329638724000
9270,95,1329593995000,1329638724000
9271,95,1329593995000,1329638724000
9272,95,1329593995000,1329638724000
9273,95,1329593995000,1329638724000
9274,95,1329593995000,1329638724000
9275,95,1329593995000,1329638724000
9259,95,1329565205000,1329593545000
9260,95,1329565205000,1329593545000
9261,95,1329565205000,1329593545000
9262,95,1329565205000,1329593545000
9263,95,1329565205000,1329593545000
9264,95,1329565205000,1329593545000
9265,95,1329565205000,1329593545000
9266,95,1329565205000,1329593545000
9267,95,1329565205000,1329593545000
9268,95,1329565205000,1329593545000
9269,95,1329565205000,1329593545000
9270,95,1329565205000,1329593545000
9271,95,1329565205000,1329593545000
9272,95,1329565205000,1329593545000
9273,95,1329565205000,1329593545000
9274,95,1329565205000,1329593545000
9258,95,1329345121000,1329382057000
9259,95,1329345121000,1329382057000
9260,95,1329345121000,1329382057000
9261,95,1329345121000,1329382057000
9262,95,1329345121000,1329382057000
9263,95,1329345121000,1329382057000
9264,95,1329345121000,1329382057000
9265,95,1329345121000,1329382057000
9266,95,1329345121000,1329382057000
9267,95,1329345121000,1329382057000
9268,95,1329345121000,1329382057000
9269,95,1329345121000,1329382057000
9270,95,1329345121000,1329382057000
9271,95,1329345121000,1329382057000
9272,95,1329345121000,1329382057000
9273,95,1329345121000,1329382057000
9257,95,1329296513000,1329344828000
9258,95,1329296513000,1329344828000
9259,95,1329296513000,1329344828000
9260,95,1329296513000,1329344828000
9261,95,1329296513000,1329344828000
9262,95,1329296513000,1329344828000
9263,95,1329296513000,1329344828000
9264,95,1329296513000,1329344828000
9265,95,1329296513000,1329344828000
9266,95,1329296513000,1329344828000
9267,95,1329296513000,1329344828000
9268,95,1329296513000,1329344828000
9269,95,1329296513000,1329344828000
9270,95,1329296513000,1329344828000
9271,95,1329296513000,1329344828000
9272,95,1329296513000,1329344828000
9256,95,1329210748000,1329295537000
9257,95,1329210748000,1329295537000
9258,95,1329210748000,1329295537000
9259,95,1329210748000,1329295537000
9260,95,1329210748000,1329295537000
9261,95,1329210748000,1329295537000
9262,95,1329210748000,1329295537000
9263,95,1329210748000,1329295537000
9264,95,1329210748000,1329295537000
9265,95,1329210748000,1329295537000
9266,95,1329210748000,1329295537000
9267,95,1329210748000,1329295537000
9268,95,1329210748000,1329295537000
9269,95,1329210748000,1329295537000
9270,95,1329210748000,1329295537000
9271,95,1329210748000,1329295537000
9255,95,1329173015000,1329209632000
9256,95,1329173015000,1329209632000
9257,95,1329173015000,1329209632000
9258,95,1329173015000,1329209632000
9259,95,1329173015000,1329209632000
9260,95,1329173015000,1329209632000
9261,95,1329173015000,1329209632000
9262,95,1329173015000,1329209632000
9263,95,1329173015000,1329209632000
9264,95,1329173015000,1329209632000
9265,95,1329173015000,1329209632000
9266,95,1329173015000,1329209632000
9267,95,1329173015000,1329209632000
9268,95,1329173015000,1329209632000
9269,95,1329173015000,1329209632000
9270,95,1329173015000,1329209632000
9254,95,1329036474000,1329077129000
9255,95,1329036474000,1329077129000
9256,95,1329036474000,1329077129000
9257,95,1329036474000,1329077129000
9258,95,1329036474000,1329077129000
9259,95,1329036474000,1329077129000
9260,95,1329036474000,1329077129000
9261,95,1329036474000,1329077129000
9262,95,1329036474000,1329077129000
9263,95,1329036474000,1329077129000
9264,95,1329036474000,1329077129000
9265,95,1329036474000,1329077129000
9266,95,1329036474000,1329077129000
9267,95,1329036474000,1329077129000
9268,95,1329036474000,1329077129000
9269,95,1329036474000,1329077129000
9253,95,1329000298000,1329034955000
9254,95,1329000298000,1329034955000
9255,95,1329000298000,1329034955000
9256,95,1329000298000,1329034955000
9257,95,1329000298000,1329034955000
9258,95,1329000298000,1329034955000
9259,95,1329000298000,1329034955000
9260,95,1329000298000,1329034955000
9261,95,1329000298000,1329034955000
9262,95,1329000298000,1329034955000
9263,95,1329000298000,1329034955000
9264,95,1329000298000,1329034955000
9265,95,1329000298000,1329034955000
9266,95,1329000298000,1329034955000
9267,95,1329000298000,1329034955000
9268,95,1329000298000,1329034955000
9252,95,1328980011000,1328999468000
9253,95,1328980011000,1328999468000
9254,95,1328980011000,1328999468000
9255,95,1328980011000,1328999468000
9256,95,1328980011000,1328999468000
9257,95,1328980011000,1328999468000
9258,95,1328980011000,1328999468000
9259,95,1328980011000,1328999468000
9260,95,1328980011000,1328999468000
9261,95,1328980011000,1328999468000
9262,95,1328980011000,1328999468000
9263,95,1328980011000,1328999468000
9264,95,1328980011000,1328999468000
9265,95,1328980011000,1328999468000
9266,95,1328980011000,1328999468000
9267,95,1328980011000,1328999468000
9251,95,1328936370000,1328979628000
9252,95,1328936370000,1328979628000
9253,95,1328936370000,1328979628000
9254,95,1328936370000,1328979628000
9255,95,1328936370000,1328979628000
9256,95,1328936370000,1328979628000
9257,95,1328936370000,1328979628000
9258,95,1328936370000,1328979628000
9259,95,1328936370000,1328979628000
9260,95,1328936370000,1328979628000
9261,95,1328936370000,1328979628000
9262,95,1328936370000,1328979628000
9263,95,1328936370000,1328979628000
9264,95,1328936370000,1328979628000
9265,95,1328936370000,1328979628000
9266,95,1328936370000,1328979628000
9250,95,1328893111000,1328936370000
9251,95,1328893111000,1328936370000
9252,95,1328893111000,1328936370000
9253,95,1328893111000,1328936370000
9254,95,1328893111000,1328936370000
9255,95,1328893111000,1328936370000
9256,95,1328893111000,1328936370000
9257,95,1328893111000,1328936370000
9258,95,1328893111000,1328936370000
9259,95,1328893111000,1328936370000
9260,95,1328893111000,1328936370000
9261,95,1328893111000,1328936370000
9262,95,1328893111000,1328936370000
9263,95,1328893111000,1328936370000
9264,95,1328893111000,1328936370000
9265,95,1328893111000,1328936370000
9249,95,1328692146000,1328739475000
9250,95,1328692146000,1328739475000
9251,95,1328692146000,1328739475000
9252,95,1328692146000,1328739475000
9253,95,1328692146000,1328739475000
9254,95,1328692146000,1328739475000
9255,95,1328692146000,1328739475000
9256,95,1328692146000,1328739475000
9257,95,1328692146000,1328739475000
9258,95,1328692146000,1328739475000
9259,95,1328692146000,1328739475000
9260,95,1328692146000,1328739475000
9261,95,1328692146000,1328739475000
9262,95,1328692146000,1328739475000
9263,95,1328692146000,1328739475000
9264,95,1328692146000,1328739475000
9248,95,1328648911000,1328691423000
9249,95,1328648911000,1328691423000
9250,95,1328648911000,1328691423000
9251,95,1328648911000,1328691423000
9252,95,1328648911000,1328691423000
9253,95,1328648911000,1328691423000
9254,95,1328648911000,1328691423000
9255,95,1328648911000,1328691423000
9256,95,1328648911000,1328691423000
9257,95,1328648911000,1328691423000
9258,95,1328648911000,1328691423000
9259,95,1328648911000,1328691423000
9260,95,1328648911000,1328691423000
9261,95,1328648911000,1328691423000
9262,95,1328648911000,1328691423000
9263,95,1328648911000,1328691423000
9247,95,1328626408000,1328647704000
9248,95,1328626408000,1328647704000
9249,95,1328626408000,1328647704000
9250,95,1328626408000,1328647704000
9251,95,1328626408000,1328647704000
9252,95,1328626408000,1328647704000
9253,95,1328626408000,1328647704000
9254,95,1328626408000,1328647704000
9255,95,1328626408000,1328647704000
9256,95,1328626408000,1328647704000
9257,95,1328626408000,1328647704000
9258,95,1328626408000,1328647704000
9259,95,1328626408000,1328647704000
9260,95,1328626408000,1328647704000
9261,95,1328626408000,1328647704000
9262,95,1328626408000,1328647704000
9246,95,1328576896000,1328624519000
9247,95,1328576896000,1328624519000
9248,95,1328576896000,1328624519000
9249,95,1328576896000,1328624519000
9250,95,1328576896000,1328624519000
9251,95,1328576896000,1328624519000
9252,95,1328576896000,1328624519000
9253,95,1328576896000,1328624519000
9254,95,1328576896000,1328624519000
9255,95,1328576896000,1328624519000
9256,95,1328576896000,1328624519000
9257,95,1328576896000,1328624519000
9258,95,1328576896000,1328624519000
9259,95,1328576896000,1328624519000
9260,95,1328576896000,1328624519000
9261,95,1328576896000,1328624519000
9245,95,1328529273000,1328576896000
9246,95,1328529273000,1328576896000
9247,95,1328529273000,1328576896000
9248,95,1328529273000,1328576896000
9249,95,1328529273000,1328576896000
9250,95,1328529273000,1328576896000
9251,95,1328529273000,1328576896000
9252,95,1328529273000,1328576896000
9253,95,1328529273000,1328576896000
9254,95,1328529273000,1328576896000
9255,95,1328529273000,1328576896000
9256,95,1328529273000,1328576896000
9257,95,1328529273000,1328576896000
9258,95,1328529273000,1328576896000
9259,95,1328529273000,1328576896000
9260,95,1328529273000,1328576896000
9244,95,1328481650000,1328529273000
9245,95,1328481650000,1328529273000
9246,95,1328481650000,1328529273000
9247,95,1328481650000,1328529273000
9248,95,1328481650000,1328529273000
9249,95,1328481650000,1328529273000
9250,95,1328481650000,1328529273000
9251,95,1328481650000,1328529273000
9252,95,1328481650000,1328529273000
9253,95,1328481650000,1328529273000
9254,95,1328481650000,1328529273000
9255,95,1328481650000,1328529273000
9256,95,1328481650000,1328529273000
9257,95,1328481650000,1328529273000
9258,95,1328481650000,1328529273000
9259,95,1328481650000,1328529273000
9243,95,1328134828000,1328170894000
9244,95,1328134828000,1328170894000
9245,95,1328134828000,1328170894000
9246,95,1328134828000,1328170894000
9247,95,1328134828000,1328170894000
9248,95,1328134828000,1328170894000
9249,95,1328134828000,1328170894000
9250,95,1328134828000,1328170894000
9251,95,1328134828000,1328170894000
9252,95,1328134828000,1328170894000
9253,95,1328134828000,1328170894000
9254,95,1328134828000,1328170894000
9255,95,1328134828000,1328170894000
9256,95,1328134828000,1328170894000
9257,95,1328134828000,1328170894000
9258,95,1328134828000,1328170894000
9242,95,1328085700000,1328133495000
9243,95,1328085700000,1328133495000
9244,95,1328085700000,1328133495000
9245,95,1328085700000,1328133495000
9246,95,1328085700000,1328133495000
9247,95,1328085700000,1328133495000
9248,95,1328085700000,1328133495000
9249,95,1328085700000,1328133495000
9250,95,1328085700000,1328133495000
9251,95,1328085700000,1328133495000
9252,95,1328085700000,1328133495000
9253,95,1328085700000,1328133495000
9254,95,1328085700000,1328133495000
9255,95,1328085700000,1328133495000
9256,95,1328085700000,1328133495000
9257,95,1328085700000,1328133495000
9241,95,1328043199000,1328083931000
9242,95,1328043199000,1328083931000
9243,95,1328043199000,1328083931000
9244,95,1328043199000,1328083931000
9245,95,1328043199000,1328083931000
9246,95,1328043199000,1328083931000
9247,95,1328043199000,1328083931000
9248,95,1328043199000,1328083931000
9249,95,1328043199000,1328083931000
9250,95,1328043199000,1328083931000
9251,95,1328043199000,1328083931000
9252,95,1328043199000,1328083931000
83931000
9245,516,1328043199000,1328083931000
9246,516,1328043199000,1328083931000
9247,516,1328043199000,1328083931000
9248,516,1328043199000,1328083931000
9249,516,1328043199000,1328083931000
9250,516,1328043199000,1328083931000
9251,516,1328043199000,1328083931000
9252,516,1328043199000,1328083931000
