39.92640133333333,116.32044533333334
39.999847869565215,116.32349891304351
40.00568835000001,116.31914384999996
40.009719822463765,116.31522712681165
39.97476327586207,116.32083320689658
40.0097632923077,116.31508675769224
39.99974835999999,116.32689804000002
39.99963822727273,116.32717709090907
39.762843243902424,116.29793226829271
39.999714380952376,116.32697692857147
39.999373250000005,116.326755975
39.92237751209678,116.35196150000004
39.9997966888889,116.3272642222222
40.01195258333333,116.32154706666667
39.873121999999995,116.43285056716418
39.97041430555554,116.31867130555555
40.000836302003044,116.32752486286577
40.00811887027029,116.31946057297299
39.99561888497652,116.3101974084506
40.01372031914892,116.30653691489361
40.01364919230769,116.30641119230768
39.97844932352941,116.32716020588236
39.9365322755102,116.33241871428571
40.01409396747968,116.30626219512197
39.978469118438724,116.34355213728126
39.926810945454534,116.33722439999998
39.98331827027025,116.2996815945946
39.896802470588234,116.20837029607837
39.90043345390072,116.2457231489362
39.93083169607844,116.34416901960778
40.00393562162162,116.36986951351355
39.92633927290831,116.33750321115552
39.926282375,116.33746008333335
39.89708671493212,116.20833853846155
39.92618375598091,116.337399813397
39.94917787591245,116.33444688321171
39.89961137999998,116.38570446999996
39.926340122857134,116.33766530571427
39.93889775092934,116.33829424163561
39.92609873901807,116.33755935400515
39.92642658482144,116.33801554464286
39.927258200000004,116.33759640000002
39.92637778846154,116.3373444807692
39.991501729166664,116.33195183333333
39.896778166018166,116.20939348249034
39.926044403508776,116.33659350438596
39.9262646788991,116.33822479449542
39.926256126984136,116.33782950793656
39.93284281021901,116.45940872992693
39.92596298360655,116.33722686885243
39.92636591666667,116.33600929166668
39.89965143373494,116.38523077108434
39.926427322580636,116.33612175806445
39.926138722222206,116.33609272222222
39.92576526923077,116.33567284615387
39.92633552884615,116.33746906730768
39.927029177215196,116.33745749367087
39.93721961956522,116.3223446304348
39.9266891632653,116.33566026530615
39.99307793536119,116.19849960076048
39.99291455194805,116.19874537987005
39.906991479999995,116.36816230000005
39.99928051351351,116.3270871216216
40.06467333846156,116.4022700769231
39.99174906227106,116.33001011355304
39.936420223684216,116.32586544736841
39.9940306,116.32318198076919
39.9943078,116.32303006666669
39.90672212962963,116.36815853703708
39.99938982608696,116.32695999999997
39.90707663513514,116.36790690540545
39.93563711981565,116.32546509677428
39.991464608,116.32924242399999
39.934345,116.32427666666666
39.9919241010101,116.32672604040398
39.819786964751934,116.27691294908632
39.99999815,116.32689528333334
39.81965158641973,116.27700833333334
39.9995433076923,116.32705229230768
40.04566425,116.598677
39.751521916666675,116.33110877777774
39.898185674418635,116.59709318604652
40.01047144999998,116.32146765
39.820075906318046,116.2767643616557
39.999839341463414,116.32722829268293
39.935487357429736,116.32198899397594
40.00731045785881,116.31990758086569
40.007619305084766,116.31958563276842
39.90674378125,116.36832784375
39.990233208333336,116.32753504166668
39.88482228467156,116.43691969343077
39.99178971428572,116.33076476530611
39.90721334848483,116.36800165151517
39.999437773584894,116.3386575849057
39.882494130434786,116.4150902826087
40.09901525,116.287973
39.99944472881356,116.32642908474573
39.992427666666664,116.32643116666667
39.9961455,116.3332535
39.99874674000002,116.33891763999995
39.9990900314815,116.33848329907404
40.043984753333355,116.41346048333338
39.93609081037275,116.36677587358146
39.99883916666667,116.33858237499999
40.011325875586905,116.3232256032864
39.883501826923066,116.3524689807692
40.00598064918031,116.32052486229516
40.009719822463765,116.31522712681165
39.97476327586207,116.32083320689658
40.0097632923077,116.31508675769224
39.76282836585366,116.29782863414637
39.99974835999999,116.32689804000002
39.99963822727273,116.32717709090907
39.762843243902424,116.29793226829271
39.999714380952376,116.32697692857147
39.999373250000005,116.326755975
39.92237751209678,116.35196150000004
39.9997966888889,116.3272642222222
40.01195258333333,116.32154706666667
39.873121999999995,116.43285056716418
39.97041430555554,116.31867130555555
40.000836302003044,116.32752486286577
40.00811887027029,116.31946057297299
39.99561888497652,116.3101974084506
39.99192161006289,116.3251925849057
39.819783686956534,116.27679604492747
40.00008814925372,116.32665901492535
39.99115794642858,116.32550801785712
39.93300931979694,116.42644830964458
40.04552325,116.59911325
39.81996892982456,116.2774600877193
39.99977133333334,116.32718911111111
39.88960991666666,116.35688808333315
39.889469450746276,116.35730574925371
39.889654147582675,116.3575404452927
39.89708465789474,116.35747089473682
40.09830475,116.28840324999999
39.90843364772727,116.3681813295454
39.99940018181818,116.32712156363638
39.991494109589034,116.33272182191781
39.99137005882353,116.32323429411765
39.994729137681155,116.32791434057971
40.00165302252252,116.32143964864856
39.951674608695654,116.22233252173915
39.991588400000005,116.3281179375
39.95211278512397,116.22210052066121
39.99938517741935,116.32714441935475
39.99974816216216,116.3269491891892
40.0006149047619,116.32700752380953
39.99456442241381,116.32819287931035
39.97005340350877,116.31851880701757
40.00025111764706,116.32689638235296
40.00009791935485,116.32719832258061
39.965750560439545,116.30331017582412
39.90799784905659,116.36762335849058
39.88367343137255,116.35225815686275
40.006079268181765,116.3206333249996
39.76306384745761,116.29777147457625
39.99927315789474,116.32696721052633
39.95945025714285,116.29257825714285
39.89861979279281,116.3890492162162
39.9665171875,116.30183845535718
39.96513305035973,116.30155767625898
40.00765239919361,116.31988684435494
40.00781501917406,116.319794879056
39.9997298478261,116.32680341304349
39.76286302499999,116.29789117500002
39.999710021739126,116.32686400000001
39.99426819999998,116.32727478181819
39.99974056097561,116.32674951219514
39.999700925000006,116.32687925
39.9996667027027,116.32681910810811
39.762960729729734,116.29813321621623
39.999706387096786,116.32710832258066
39.9589598181818,116.36290947727275
39.76296457692308,116.29835415384615
39.89649511367379,116.22081350576595
39.991004905660375,116.32199794339623
39.96740103571428,116.30865584821429
39.967939122137416,116.30282494274806
40.009553078431395,116.31502318954252
40.00770579463363,116.32002980701758
39.9918951680328,116.32191302049186
39.99547514189183,116.3101803986487
39.96554387985866,116.30232744876324
39.96574837184875,116.30221213445391
39.89551692,116.31450428000004
39.99965248387098,116.32715035483874
39.906615823529414,116.30105164705881
40.01048566666665,116.32195583333333
40.01122883561644,116.31995312785392
39.92275703896104,116.2936223766234
39.97653875429974,116.33740062407858
39.976319597972974,116.33704201351361
40.010972,116.32041522222221
39.999662030303035,116.32699112121213
39.959151004237256,116.36148146610168
40.000826274074065,116.32706852592608
40.00062277725115,116.32707700473932
40.0000650123457,116.32715229629638
40.001009695652165,116.32686450724643
40.000687280645124,116.32708672580641
40.011531725135605,116.32106598915014
40.00052171283097,116.3268411242363
40.00104064327487,116.32710047953213
40.00030186890249,116.32683844207307
40.011480931391,116.3211412349622
39.99926302777777,116.32687872222226
39.99288830769231,116.32682530769233
39.88349048571428,116.41401334285716
39.86076935869566,116.32645435869567
39.97526520652174,116.3372048369565
39.84711933796296,116.28260448611108
40.09876366666666,116.27479166666666
39.80904428571428,116.15107342857144
39.981921829113936,116.34707319620247
39.98111132394366,116.34133160563381
39.97822175384618,116.33905214871803
39.97537474210526,116.16656873157906
39.924702585858576,116.172333050505
40.066970888888896,116.15247844444444
40.066950444444444,116.15252366666667
39.97892223076922,116.34631576923076
39.952532588235286,116.4108371960785
39.97978707317073,116.3471946585366
39.98065613138685,116.3465632627737
39.85037108108108,116.22061195495498
39.98065114285715,116.3397504285714
39.787016945255466,116.38055370437954
39.89845679245283,116.39149603773585
39.981249428571424,116.34539732142858
39.99292479503105,116.41344232298144
39.98174308333333,116.32811456944442
39.982104,116.333003
39.9813089204893,116.33147694189597
39.98107205924596,116.32938909156195
39.963731757174415,116.36389895364236
39.98563342307693,116.32128123076926
40.002411004651165,116.34327165116274
40.002917875,116.34341327976192
39.99173578571429,116.33259188571427
39.90085669230769,116.42227082051285
39.900696402777776,116.42199247222223
39.9228955398551,116.47482077173906
40.09922978693187,116.36495053125005
39.97827535266456,116.34171093730382
39.906857122448976,116.44355506122454
39.90958051612904,116.36785064408602
39.984120354201686,116.35458518151265
39.93598230299999,116.34741038099999
39.984371219101135,116.35317391685393
39.97748400919539,116.35989868505747
39.97641696500001,116.31040567249995
39.8725238968085,116.27653516382988
39.976140052777765,116.36009823611114
39.982744333333336,116.32980678787881
39.96465384915254,116.29140246779659
39.96869297727273,116.31518327272725
39.98482123548387,116.32055440000002
40.04908689189189,116.30380167567569
40.050004650943386,116.30413175471702
39.986664558139545,116.3207088372093
39.98487227450982,116.31943219327728
40.03895245714284,116.3269926857143
40.04905886666668,116.30732162380961
39.984858222222236,116.31942144444444
40.049791017543846,116.30344528070177
39.97267793437502,116.3334630593749
39.9735443590192,116.33371125919433
39.97325612138729,116.33371915606942
39.97373674605454,116.33366017933986
39.762648933333324,116.29720699844962
39.90715528971963,116.47030601869163
40.00030264084508,116.32660481690134
39.96612728571428,116.3623753142857
39.97421108108109,116.33207645945943
39.93060383333332,116.15112454545458
39.97366283240222,116.33327410055867
39.98055839896373,116.32104164766837
39.973923812500004,116.33210884375
39.97328670559613,116.3335827907542
39.97418802268042,116.33369531546387
39.930385702127644,116.15106389361705
40.01799198923077,116.34131235230771
40.01803005333333,116.34167760666668
39.846588177777775,116.37348226111112
39.91073870000001,116.35851530000001
40.017709990909076,116.34115867272726
40.01813677500001,116.34222362857143
40.01749773200001,116.34101928000001
39.9674355,116.40852244583334
39.967475508333344,116.4086969708333
40.017488695833336,116.34093341666666
40.017398275000005,116.3409186875
39.921353928846166,116.34781376153845
39.965876726666664,116.40947339333334
40.017544472,116.341051484
39.96727820434783,116.40882024347825
40.017495604000004,116.340893408
40.013804990163926,116.34144384918032
39.876618134615384,116.48226738076922
39.96694850350877,116.40980871666662
39.967047197637825,116.40967672834641
39.96732882399999,116.40924441999998
40.01756570416668,116.34097077916668
39.96629574761905,116.40962160476192
39.967324656140356,116.40958144736838
40.01757433157895,116.3409017
40.017414344,116.341074676
39.89423587857142,116.16741748857145
39.881246187500004,116.34231395833336
39.967519734782606,116.40884197826087
39.98466247419355,116.31556198709679
40.00812826981133,116.35520450000001
39.96714427938144,116.40951358969072
39.966564451612896,116.3300654806452
39.967457870833336,116.4090186333333
40.01769160384616,116.34114155
40.030061678723406,116.34018604255317
40.02346236027396,116.51892167945205
39.96704859499998,116.40975773875
39.98491738928571,116.32119362857141
39.961960229787245,116.39101239361703
39.96620069499999,116.409654625
40.01573806097562,116.34061132195123
40.01515834878049,116.34041827317073
40.02252171864408,116.3509042372881
40.0151567078125,116.34199590781249
40.06211223928573,116.40296264999998
40.06916859375001,116.15483225625
40.02728362,116.29162962000001
39.846833116326536,116.37350352040816
40.02012721346153,116.3416616384615
39.966320605555566,116.40944207222225
39.96739920740741,116.40879988888891
40.01478836923078,116.3407672476923
39.882676602857146,116.39188887428571
40.01496916588238,116.34083825647059
40.0160587225,116.34169214750003
39.98504654130436,116.38099794999998
39.96724484222223,116.40945275999998
39.968622460317455,116.3293137857143
39.9848894969697,116.32041110303031
39.9809810625,116.3785843958333
40.015378341860476,116.34091293023256
39.967441812,116.40909347999997
39.96706995102042,116.40943499897962
39.9563443962963,116.35891396666666
39.96711477333333,116.40914122666666
39.91944073793102,116.39069036551732
39.880022848571436,116.42863299714287
40.09905475555556,116.2878038222222
39.9102466,116.40681574999999
39.8637262,116.384612475
40.07814007115384,116.52855827884613
39.969786763636364,116.40385117272727
39.86399016818182,116.38113835454547
39.9235863,116.46947113225809
40.0586883,116.5980516
39.979341660561644,116.30525244810742
39.97075989855072,116.30379426086957
39.90397549382717,116.32274958518528
39.96142772456577,116.33720599999991
39.973056705882364,116.30041584313724
39.96940045454546,116.30757036363639
39.97104045000001,116.30377736666667
39.97343520696455,116.33392827266748
39.97335186514524,116.33395685684656
39.94941028691986,116.31429233333328
39.97358496821514,116.33398585085574
39.97345678285709,116.33395771142858
39.90360328571428,116.45949238095243
39.98485590425531,116.32089553191489
39.949662522522516,116.31372766666661
39.95087071428571,116.31504064285716
39.97346994626866,116.33382911343288
39.9703386875,116.3029993854167
39.81964442362002,116.28164234146327
39.981585451612915,116.30840308064515
39.97402280790963,116.3363542090397
39.971358618902414,116.33319513414635
39.9733818954703,116.33369039024397
39.97356663216269,116.33414972643253
39.973378675364174,116.33439750424749
39.97120513157895,116.30350865789474
39.974058,116.3389155
39.97342731299522,116.33329410221879
39.973403649651935,116.33428109048717
39.971087697674406,116.30354134883717
40.060236412331356,116.18197382562578
40.06183077335647,116.1834485190309
39.97348725359715,116.3339618318346
40.05957647259087,116.18064293941117
39.97346607874015,116.33522827165348
40.05874573181821,116.4054610090909
40.05765939896373,116.4038198860104
39.973420094174024,116.33430942697538
39.97341345217378,116.33425086086953
39.973737353398015,116.33211055145627
39.9735554450262,116.33364273123894
40.058047022154454,116.40374829793753
40.04419103448277,116.40532195689656
40.05804021454542,116.4040039137662
40.05798097523218,116.4034757430341
39.97341127543186,116.33402821689042
39.97305046453901,116.33387150709223
39.973385508591065,116.33392226116838
39.974153,116.33257835897436
39.97345202211981,116.33395075668216
40.057792051233406,116.40412570777984
40.057988763157766,116.40401280101605
39.99459928735633,116.47626752107288
39.99431681632655,116.47479104591841
39.93163078534034,116.44978021989535
40.0565626412214,116.4038650229008
39.991456469964646,116.33080389752645
39.97304907932694,116.3334874615384
39.94328611607143,116.31949913690474
39.943286044642875,116.31949909821424
39.97111436728393,116.30413729938275
39.938626029411765,116.34860627450976
39.94991594222627,116.31229823351484
39.950035403645856,116.31212821614578
39.94991651133272,116.31229640525848
39.95003535433075,116.31212779527557
39.977246021978026,116.3395928681319
39.97677664629629,116.3388450388889
39.97747532089552,116.33924144029852
40.039455065217396,116.32252369565217
40.03905116326531,116.32583028571428
40.06414161538463,116.56544064102563
40.09882175,116.554908
40.057696157384974,116.33215329055675
40.03645735470086,116.33374489316242
40.03976256338027,116.32209867605636
40.03919904545451,116.32488747129194
40.039456795698925,116.32156427956984
40.039417714285705,116.32410915476194
39.91721540425533,116.26001470212765
40.03924045837569,116.32234714517708
40.039224803108795,116.32397316062178
39.801236273437496,116.37785967187499
40.03975895734599,116.32235189573454
39.75157742857142,116.56290742857144
40.03924533333335,116.32354221739132
40.03992716,116.32213599999996
40.03993120512821,116.32221958974358
39.889793491909394,116.39709637540449
40.039270032098784,116.32578697037049
39.98411120163169,116.44434146037254
39.98485900980387,116.32003976470583
39.9848329365483,116.31996854822307
40.039773883333346,116.32218093333333
40.064570079999996,116.56638748000002
40.03956841388173,116.32211181490992
40.03954826666668,116.32237284444446
40.08907813793104,116.28569613793105
40.0392412330097,116.323413407767
40.0643030851275,116.56600764970605
40.03971011666669,116.32198431666669
40.03916896969695,116.32403809090908
40.09889,116.475477
40.03987999099099,116.3219771711712
40.03930948066299,116.32211209392271
40.03949126666667,116.32234183333334
40.039935243243235,116.32217035135132
40.089191607142865,116.2855462857143
40.06435990513841,116.56599824505912
40.03927957024792,116.32310524793392
40.07485564479638,116.2335677285069
40.074782426195505,116.23288860291045
39.9376915319149,116.190663606383
39.93814398169718,116.18903905158076
39.937840764705875,116.18990552941176
40.039022659574464,116.32503548936172
40.03954701020409,116.32348833673467
39.94978104149372,116.25218563070536
40.06877190599462,116.56094384059931
40.06434013846158,116.56628331538462
40.064363510948894,116.56418956934303
40.03898954166667,116.32511658333334
40.06861486873161,116.56087693362868
39.9160596076923,116.46823518461541
39.9887269483871,116.30686610537639
39.98042295214285,116.35212752571434
39.98650845160878,116.30419074054049
39.9868579408602,116.30254116344082
39.98714363125,116.30256200328945
40.051485964761895,116.29230952761907
39.94895843848921,116.38761409388489
39.98659298969071,116.30478648659793
39.987637859602636,116.30395160993372
39.99676891157633,116.2921311871921
39.991452364102564,116.33219092692313
39.96681401929824,116.30105854970762
39.98701465107914,116.30228484820145
39.98762243487543,116.3032333512456
40.09812577857143,116.47642782142854
39.98320580104167,116.3018713645833
40.051046449635024,116.29227423576639
39.98733355714286,116.30213289999996
40.051806848913046,116.29252451195656
39.98658494916511,116.30377910593691
40.05108927027028,116.29208496486488
39.98693967868851,116.30356386721307
39.9656966,116.3193549
39.98662241839624,116.30285336981137
39.987527287096775,116.30300808548384
40.07887171803278,116.58721477540982
39.94472148349998,116.4014923199999
39.94405226527779,116.40110311388884
39.98753349666667,116.30306343266665
39.98622637604167,116.30464084791669
39.94461313456793,116.40147226049383
39.992706625,116.306416625
39.98663453979591,116.30395197959177
39.98825218785046,116.30542325887846
39.987706485638284,116.30469190957437
39.92397738957056,116.49713519386509
39.980224103883494,116.35184943980583
39.98018867107436,116.354603161157
39.9586125925926,116.32884791851853
40.025365716836724,116.30862420663277
39.896054463949845,116.31483976489025
39.994825763824885,116.32840219930884
40.02527225284093,116.3086962755683
39.936361859086524,116.30505728085524
39.96840483870969,116.34391241935482
39.97776245600001,116.30980635200004
39.9734084621849,116.33375487605029
39.972582140625,116.33323314062503
39.897435235294125,116.4129075882353
39.82110993773945,116.28206501245208
39.93086335714287,116.15073749999999
39.930588451612905,116.15124835483869
39.930207357142855,116.1514732857143
39.97469463636364,116.31225227272729
39.930693812499996,116.15104987499997
39.93028037837837,116.1513795945946
39.975027266666665,116.32947473333334
39.966425962765946,116.36360214361706
39.93903278714861,116.2999947550201
39.930947624999995,116.151082
39.93089533333333,116.15091377777779
39.97465197674419,116.33137988372094
39.93045535897436,116.15120235897436
39.93049099999999,116.15115804255318
39.97495016216213,116.33029535810817
39.97477266666667,116.33237433333333
39.930926809523804,116.1508806666667
39.97439955319149,116.33171825531913
39.97436151282051,116.33187464102568
40.0041437923077,116.45328860769226
39.9491615730337,116.26727338202245
39.930643307692314,116.15112376923078
39.930493029411764,116.15115514705883
39.97444543589745,116.3318661282051
39.93046100000001,116.15119445454546
39.9727514375,116.33356931250002
39.93069030555555,116.15091491666671
39.974511525,116.33167605000001
39.93020358620691,116.15137262068964
39.97900327272727,116.31078159999997
39.79768934177215,116.51750416455698
39.79774532608694,116.51754825362319
39.9431416182336,116.33368829629623
39.99882577192981,116.32690858771934
40.00051948484849,116.32713945454549
40.0000830338983,116.32649731638423
39.99985293939395,116.3267569090909
39.974668120200285,116.30734505425718
39.999245724137936,116.32676396551722
39.96112075433526,116.4448047572255
40.00006388356164,116.3261998287671
40.000580799999994,116.32713844999996
39.90718278947368,116.47105436842105
39.93990431944443,116.34739469444442
40.00018090721649,116.32710574226807
40.00768829095884,116.31971297205467
39.76280889090908,116.29834073636361
39.76287829921261,116.29835103937008
39.99940760975609,116.32703778048784
39.76260288235295,116.29795982352942
39.999606588709675,116.32684519354832
39.99960846052632,116.32683881578949
39.99931860975609,116.32692182926826
39.999854639344264,116.32651370491804
39.90719888095238,116.4703156190476
40.00085243999999,116.32665125714288
40.00015666019419,116.3258925242719
39.999601140350876,116.32715363157892
39.9704631585366,116.31820104878048
39.93725730232558,116.33894046511628
40.000150353846145,116.32742995384609
40.00141142857143,116.326497
40.02971989999999,116.5990996
39.97267793437502,116.3334630593749
39.9735443590192,116.33371125919433
39.97325612138729,116.33371915606942
39.97373674605454,116.33366017933986
39.9904575,116.33019350000001
40.04984002051283,116.30299566153847
39.97408853968251,116.33508252380936
39.97381510934394,116.33485126043742
39.97395945766588,116.33378022883291
39.97431757894737,116.33342604385975
39.974141693409756,116.33361709455583
39.973482894904485,116.33375910987264
39.97358325287357,116.33350625944166
39.987885354066975,116.40616763157892
39.98118754385965,116.30963070000003
40.03257230781249,116.35483955625001
39.98096519193549,116.3070388403226
40.032599420689664,116.35468654999998
39.85537866153847,116.39729114102568
39.99679496911765,116.28575673676472
40.03253637931034,116.35561390689656
39.98227594600001,116.30980017600001
39.85466334545455,116.40367832077915
40.03274922448979,116.35502559285713
39.98203873636364,116.30627478636362
40.032506876666666,116.35524661333335
40.08030500731707,116.3696399170732
40.02841687777778,116.34191021666668
39.980840465384624,116.30753059230769
40.032442882857126,116.35564646571432
39.98322970582525,116.31019717864079
39.88292750793649,116.45363045079363
39.9230234536232,116.30636255507248
39.75090480714287,116.32654268571427
39.97828854408064,116.29985461460947
39.968461707006334,116.30083925477709
39.974119578947374,116.33204400000001
39.99057847081215,116.33019109898461
40.01376463333333,116.29810875000001
39.98181955756583,116.32113714309219
39.99051558711814,116.33015241783644
39.98214825670494,116.3263425095785
40.01367795098038,116.29751385294121
39.981691916597335,116.32110793494581
39.97800534161486,116.3006374631763
39.981344193548395,116.32485183870968
39.981069861598435,116.31031235477604
40.0136939375,116.2983096875
39.98146881818182,116.3258270909091
39.981823747199996,116.32110594399992
40.013640936274506,116.29756507843136
39.978047597526405,116.30065407040914
39.990853449275356,116.32979352173913
40.013758789473684,116.2980364736842
39.981813213683296,116.32111357919399
39.99043662775318,116.33018495154177
39.93776740259739,116.3071592467531
39.99037165270111,116.33030409702302
40.01348680952382,116.29748957142857
39.97283418141592,116.33325610619467
40.01357155242964,116.29689239130431
39.97792740187469,116.30062967193942
40.01346134374995,116.29665983593748
39.990296846352145,116.3302451416312
40.013475884615374,116.29692775000002
39.981816686887015,116.32113877757345
39.99050816519819,116.330140136564
39.97794405094128,116.30066576411974
39.990248846311374,116.3303362120902
40.013617397379925,116.29760630567685
39.99052414193547,116.33023568709628
40.013552790697666,116.29728923255807
40.013596353982315,116.29707321238936
39.98184593220342,116.32110899152548
40.01388893333334,116.29807333333336
40.01380865384616,116.29810248076926
39.97794197443183,116.3006510132572
39.98124441666667,116.3235758611111
40.013629699186986,116.2975564146342
39.990533116230324,116.33000847748673
39.98176987385927,116.32106646859881
40.013723910447766,116.29793597014923
39.981949268106675,116.32626814866548
39.98173800837203,116.32100813674408
39.981932492227955,116.32629225647727
39.9817370951557,116.32115281141871
40.013546294117646,116.29768088235294
39.93890162563239,116.36598122091087
39.937259700475394,116.36674746275739
40.0138916,116.298330225
40.01360227046778,116.29748101315863
39.990400658536515,116.33027688470064
39.981857171483675,116.32137728901738
39.97789847972976,116.3006065185807
39.9817571785937,116.32111483011826
39.9813403076923,116.32533361538464
39.97426080069929,116.34296652797207
39.98170101092143,116.32116760409549
39.990738623955416,116.33009148746521
40.013682049180325,116.29760191803277
39.96873618801068,116.32790042688487
39.990515250150565,116.33000774382167
39.977924745341674,116.30073721118023
39.98169732490372,116.32118528532176
39.98195292912363,116.3262570244848
39.98180749478406,116.32114422354755
40.01349373170732,116.29699741463418
39.9779309451287,116.3005385509517
39.98168782046515,116.32114919534874
39.99088672916666,116.32904083333337
39.979267856459444,116.31040953269489
39.978033753623215,116.30078507971011
39.98173232780598,116.32119797130139
39.9816945385976,116.32122752268687
39.97790300638796,116.30050955400723
39.97795513784465,116.30042944110272
39.9818207662162,116.32683503783781
39.98174705423269,116.32109831547605
39.88629183720931,116.33763213953488
39.97667247674418,116.33883654651163
39.96121089090908,116.43807565454546
39.98102616715541,116.338542234604
39.97742982264957,116.33931320299136
39.97711945000001,116.34041378181813
39.977203247672264,116.33927581564254
39.98044276842104,116.33795664210525
39.98121321572214,116.34606241133453
39.980384728668966,116.34617622866887
39.97764412012983,116.33914851298708
39.977065762112076,116.33885916439853
39.98089641666666,116.34498930555557
39.97743584492754,116.33904145797096
39.97469651401869,116.33490783177567
39.980072524752465,116.34505671287128
39.96010646524065,116.41660764705881
39.95977731971579,116.43217734991121
39.959985237967935,116.43228110962578
39.945299684210546,116.35038337593987
39.908941256097556,116.34645384146343
39.909776857566776,116.34633236795244
39.9101033,116.46797
39.97830507692308,116.30677020769228
39.978528944,116.30564841600003
39.981707254285716,116.25055947571434
39.79468616774195,116.28598585698924
39.98158161818182,116.3081475181818
39.9943216,116.3192449
39.97797443913044,116.33512240434781
39.98101772083333,116.30884307083333
39.93382703809523,116.45733376825396
39.97806486315791,116.30641529473682
39.9815860346154,116.30192884999998
39.982220749999996,116.25252330000001
39.983945292,116.30715920799999
39.98140254074074,116.30259458148149
40.03691766797386,116.34395510588234
39.92327113421053,116.43959573684214
39.948060321317854,116.24359969069776
39.97821903125,116.30668339374999
39.981001914754096,116.25572393278689
40.0034449,116.4681383
39.86455115304344,116.43848161652173
39.8891133,116.4541583
39.95976211699604,116.4161408458498
39.853525642000015,116.34855678199995
39.86461474590908,116.41574326318177
39.95929934895832,116.41602307291667
39.952518528571424,116.4138947142857
39.852919361855676,116.34845861649482
39.970166410638306,116.30211444840425
39.910537675527415,116.36769084303792
39.98025635312501,116.30719150312497
39.968172066933334,116.30922977306727
39.97063612033894,116.30434244689255
39.97032492676054,116.30370985211266
39.97069502750001,116.30351793999998
39.968927178021914,116.3093400999998
39.977644100000006,116.35890245
39.902702285067875,116.42073507420822
39.9589125552419,116.41502146774195
39.98604404179898,116.2991490386244
39.959506404387234,116.4159824506806
39.95634016510067,116.27550071879193
39.99526375,116.35900525
39.889419800000006,116.45493354146339
39.97964996296296,116.34217205555561
40.06215596969696,116.28320105454546
40.00226565065503,116.35550082096066
39.888659903153176,116.45443514189235
39.99797859999999,116.3582390363636
40.071913489296634,116.41629905198774
40.07213073333334,116.41665064444447
40.07330996603775,116.40785012075467
40.039619780821916,116.32231678082194
40.03949855263158,116.3224592631579
40.0272117421488,116.30631726446255
40.039338540880514,116.32279569811317
39.89047216666666,116.39678970833336
40.03969276470587,116.32229743529413
39.97900639015707,116.34155988801652
39.97716510655738,116.33850881830601
39.75792692771087,116.2172696987952
39.93179910904874,116.47866292343379
40.037769961693705,116.33394376209675
39.887510019999986,116.45190876999996
40.06393627593816,116.56737285430471
40.039042509433976,116.32474643396226
39.98667958426967,116.3194834101124
39.98483368571429,116.32083842857142
39.94694409615386,116.38754059615384
40.06812,116.409858
40.039117117647066,116.32560332352942
40.03959728888889,116.32231235555555
40.0391339111111,116.32576606666667
40.06961866666667,116.41319
40.03907693995375,116.32526403348766
40.04767269402987,116.29500177611936
39.89022471624712,116.4542863295193
39.979768764705874,116.3402360294118
40.07236011111112,116.41631622222222
39.89202205882353,116.45452432352943
40.071500564465346,116.41632369182393
40.07214505494505,116.41609937362637
40.07124454347826,116.41741193478259
40.010127156681996,116.34868006682024
40.0716133033708,116.41823374157306
40.071614036363655,116.41697432727274
39.97995526229508,116.34115840983604
39.97755650626563,116.3417183032582
39.89536720192307,116.38837560576923
39.9693985,116.333114
39.95120073548389,116.36187362580648
39.95116318121605,116.36185206682735
39.922619991071436,116.29156191071426
39.85887335714286,116.25891283650792
39.86016705373134,116.25866937910448
39.859155988,116.25682501828578
39.86480714999998,116.26233829117648
39.85964214886365,116.25790316818187
39.989272359090904,116.36257198636363
40.098476195833335,116.475256275
39.90033705,116.32640245
39.9425716,116.2006066
39.85954378611112,116.25797790833332
39.85970993846154,116.25799764871795
39.86012373209876,116.25829188765432
39.893005607999996,116.37853027199999
39.84801112037038,116.3247638722222
39.859754852777776,116.25823426111111
39.751615412,116.338080016
39.85913238809524,116.25685153571428
40.021457600000005,116.59941961
39.86036006129033,116.25843618709678
39.860086353125,116.25846676562502
39.86016347765957,116.25841153936172
39.90667847441861,116.26600957209303
39.85973713333334,116.25824178421054
39.78577493333333,116.26241328333333
39.850665775,116.26252255
39.85961330943395,116.25804693584905
39.90467042857143,116.2636324142857
40.099078727272726,116.47548586363637
40.021680690909086,116.59950948181817
40.0990513090909,116.4756022181818
39.9055478625,116.26743743125002
39.8596962367347,116.25793161632656
39.8604491848485,116.25872449999999
39.75047296,116.56389413
39.86400351428572,116.2649953
39.907200044444444,116.26764688888888
39.859861787755094,116.25800348367346
39.90577791739131,116.26514603043479
39.85632475555556,116.27765512222224
40.09840704782608,116.47526734347827
39.75151480400001,116.338106068
39.89465431739129,116.3911356956522
39.90690601428571,116.26608565000002
39.86014054845362,116.25823608659799
39.85976439215687,116.25791491176471
39.86043000166668,116.25861998
40.021635090909086,116.59950311818183
40.02904015,116.599192
39.86017434285713,116.25844726363633
39.8600414,116.25841160967741
39.751572100000004,116.33807309259258
39.859728131168836,116.25759170389613
39.85911009117648,116.25525827647058
39.86024620107526,116.25834396129031
39.958722814285714,116.3696900107143
39.75801315931034,116.35700647103448
40.09843519615384,116.4752939230769
39.75153589642857,116.33808588571428
39.85968814476192,116.25783750476188
39.905796136,116.26521756000002
40.09899013333333,116.47543662222223
39.85977746216216,116.25823625405401
39.90594896896552,116.2656842
40.098410134615385,116.47526456538465
39.859822419354835,116.25817210430101
39.8634327,116.27343411666668
39.85994901,116.25868217333333
39.860245065853675,116.25849253292681
39.860308393506486,116.25853129220776
39.860616770769234,116.25865779846153
39.859139212745106,116.2568370264706
40.09865411923076,116.28808014230769
39.85935730833334,116.25652883194445
39.859649080000004,116.25848374400002
39.90584070833332,116.26723965833328
40.09856607368421,116.47527995263157
40.098542375,116.4752438375
39.8543883,116.2749183
40.02907827777778,116.59914736666666
39.85978168,116.25788039777783
39.97545557096774,116.32979419354841
39.75611674742268,116.27223423195879
39.90568922363637,116.3442514536363
39.79365707979802,116.28472487575755
39.91136105576924,116.4545201240385
39.8983049,116.4056616
39.90571631157894,116.3438852810526
39.91171971876929,116.45353643123107
39.85565393970588,116.4142322220588
39.91144379264705,116.45425913823529
39.911066118918924,116.45116166036033
39.91109017681663,116.45513338096899
39.9083366,116.4433049
39.91168394086792,116.4536836614827
39.7509302,116.3263234076923
39.90302116833334,116.26152190749995
39.9117926464911,116.45371412017516
39.75150754146341,116.32630156829265
39.9117746057971,116.45365342753628
40.08518173970589,116.54202433897059
39.94186606666666,116.43144326666668
39.94855070206491,116.31512179056057
39.97353453546097,116.33405033687946
39.97360331599998,116.33378900599999
39.92999124451413,116.44450610971786
39.787753245366275,116.52540932744938
39.79942576070981,116.51102297123632
39.842311129032254,116.59856948387099
39.91460655102042,116.48049213605435
40.09906906666666,116.55499039999998
39.97384174695121,116.33340385060966
39.972864919480514,116.33341307792202
39.97416788321168,116.33378743795616
39.98238184322033,116.29998301694907
39.97380098638138,116.33340726848255
39.97408638418081,116.33345397175141
39.98869027586207,116.33463234482757
40.0790455737705,116.32638768852458
39.97378571821307,116.33338300000001
39.971357520942426,116.33323110994756
39.971594097087376,116.33338290291266
39.97319516666666,116.333165
39.97247120245396,116.33337557464212
39.974073875,116.33362575000001
39.972793088607595,116.3337637341772
40.07882302088771,116.32618216710195
40.07918852314815,116.32590705324071
39.9688616923077,116.31409984615385
39.973495555555566,116.19831122222223
39.98900170624997,116.37303893125008
39.894288447368446,116.38930122807024
39.89441041071428,116.3896227142857
40.03257291304349,116.3283921304348
39.97544310526315,116.33095094736844
39.91631365454548,116.55711041212123
39.87749284357546,116.3699827234638
39.90783145432096,116.36793405679009
39.95680572047379,116.27502741958156
39.86991068786592,116.27287195215894
39.877074565676565,116.36905707909794
39.8770745658245,116.36905707935293
39.883051254450805,116.45542407045451
39.88305125453255,116.45542407035828
39.99483335330289,116.19824621204287
39.99483335308912,116.19824621154044
39.956478455766515,116.2753108769507
39.87584149544577,116.30448718459297
39.87584149560263,116.30448718403659
39.957377368673676,116.27507658150097
39.957377368867085,116.27507658154549
39.87525370396821,116.30397766734359
39.87516602198258,116.30387608019997
39.907120362286356,116.4728503348824
39.991023609053855,116.21878493449235
39.984237254901956,116.35230000000001
39.90476213562761,116.3681038542509
39.984799182615454,116.35266137480066
39.98506012055639,116.35266976661522
39.98491208079845,116.3526405190115
39.984959881968834,116.35246940331454
39.907656361623616,116.24440285239865
39.98501828396372,116.35264680458278
39.98140030574232,116.30657664252483
39.98495967469879,116.353152873494
39.9843949157895,116.35392028421055
39.98333529032258,116.35873885483872
39.986390886339834,116.30257555787244
39.98494099245288,116.35278612075471
39.9795804,116.3286448
39.90749597590362,116.2463459277108
39.985161332474235,116.35246688144342
39.985233971326174,116.35269923655912
39.98131829500004,116.30703403857132
39.97610491283294,116.45715130266319
40.000177446227944,116.37912675922958
39.99994158519791,116.37995675387259
39.999953535864975,116.37994169198308
39.986985736842115,116.40933515789472
39.98102420655735,116.32225841639347
39.921771785714284,116.37997652857143
39.99982877363897,116.37928875931209
39.999954376358694,116.37998039945646
39.91977705740183,116.39145939577035
39.913846629629646,116.40120751851852
39.939021651362985,116.39171941033004
39.98274977904763,116.32995277333332
40.03041220000001,116.40927140000004
40.02966733057852,116.4090004049587
39.97107806876226,116.30414405893907
39.97146085403332,116.31494896798975
39.971286255474446,116.31498596788313
40.03051043181818,116.40932359090908
39.85463886816719,116.40347281672027
39.907754999999995,116.59879225
39.903059444444445,116.42056570370376
39.970846341379286,116.30475286896547
39.96646366150175,116.31960597497013
39.96613845161295,116.3024800358423
39.94572714423079,116.35076962499988
39.94559000894853,116.35064241163325
39.990080208333346,116.17269687499999
39.95579393939394,116.36914545454538
39.90070666666668,116.2773133333333
39.985400755208374,116.3159439694941
39.985400755208374,116.3159439694941
39.862896181249994,116.36960858124999
39.897800807623284,116.31398339775787
39.98659473804347,116.30426468478262
39.98729097428571,116.30231951285712
40.09845575,116.55482745
39.986701390697675,116.3040983883721
40.01180119745221,116.3030014977706
39.98784566999998,116.30210584428576
39.98734569285714,116.30228263928566
40.017469725,116.24454847499999
39.98952383333333,116.3132116
39.99591221046509,116.30955942325579
40.098267025,116.288387
39.980536446808514,116.35460587021278
39.901878836363636,116.42237026060609
39.937267313276855,116.3969324740113
39.98702678695653,116.30360263043474
39.89343941707319,116.40740087317072
39.9539099,116.3014599
39.97663059710143,116.31066543913037
39.98725418951615,116.30256239798389
39.98671365272727,116.30391295000004
39.98657316781607,116.30018074942532
39.92130662173913,116.4629917
39.98651864575165,116.30259202483663
39.98652478712122,116.30229371515155
39.986719326785725,116.30392187499994
39.98453645800866,116.3538155251083
39.91613341927712,116.46814133253005
40.09883245,116.28802075
39.91599146349208,116.46830605714283
39.93733096635514,116.32170346355137
39.963231651162786,116.38788430232556
39.989698270547954,116.27186318835612
39.95490745648,116.3555465968
39.972435667308346,116.31248989150171
39.978986899625,116.33334498768751
39.94038054056734,116.29843938036386
39.977655254249996,116.33080103625
39.79835535714286,116.48453757988726
39.965129144949074,116.32509919458911
39.75093825,116.32624658333333
39.94015408737866,116.42981209708734
39.906088,116.442888
39.907689000000005,116.278772
39.90921747843136,116.40469345098043
39.87272230314961,116.39525501968497
39.903904999999995,116.31700427272725
39.90326,116.420176666667
39.96927399721448,116.42005959888576
39.96957380500002,116.41932454500005
39.96135948106063,116.38085976704551
39.97091342130744,116.42234052058117
39.95965506000002,116.43790535866671
40.09981542857143,116.37186571428572
39.970371815533994,116.4226630922328
39.99628106923076,116.41749845384615
39.96953375428573,116.41968474857138
39.86744439256204,116.49184187396787
39.9959771807512,116.41733075821594
39.996486353499385,116.41699937959645
39.996768682419656,116.41667449527425
39.99649560360644,116.41719722600868
39.89152676470586,116.31953707843134
39.99634135947049,116.41732773523421
40.05740942690056,116.3371493684211
39.96912970152095,116.42030672243352
39.96921536697249,116.42018467889909
39.99857538095238,116.41442673809524
39.967256454545456,116.42208590909091
39.909331066115705,116.26762595867775
39.96930104347826,116.41917442934773
39.99630883773585,116.4171169811319
39.96916627678572,116.42015335714288
39.92725703448276,116.30586975862077
39.996374960288776,116.41755366064977
39.99593514205346,116.41741776300985
39.90600667741935,116.37144380645161
39.987229674999995,116.41475202500006
39.969644110389616,116.41928462987013
39.996692755101996,116.4168737581633
39.996942902332385,116.4168923206997
39.9964872779156,116.41719955086855
39.996123773770506,116.41749607213112
39.996647268292634,116.41720633101048
39.969761413173636,116.41950834131737
39.917732815157045,116.31260248428877
39.995840975,116.41819914999999
39.99584814018693,116.4177610093458
39.9953841724138,116.41822165517242
39.910303256198354,116.26734932231409
39.99552193636363,116.4181196181818
39.92967853658534,116.4979431788618
39.99513465957447,116.41863230851065
39.9359992173913,116.41947910869567
39.75553769879518,116.33010827710847
39.99589850000003,116.41793953225802
39.89510807692311,116.31582759935895
39.90422451999998,116.25384584
39.936997691056916,116.32160953252036
39.996645,116.417382
39.91037589228296,116.51647983601298
39.96873892424244,116.4205265808081
40.017933686956525,116.31142419999998
40.033648131172846,116.30439591820996
39.99532457575758,116.41781048484847
39.996108997275215,116.29673631062671
39.99627295079083,116.4181495465729
39.92282006993011,116.48748499300731
39.85913969696969,116.39277351515152
39.89877719000001,116.34271845000006
39.95807177777778,116.41319420202025
39.766478,116.15122785714286
39.97283057142855,116.41916401428568
40.03418618497107,116.30141816763006
40.031126628571435,116.30593268571427
40.06167309354121,116.36781940311796
39.86340205,116.45436412500001
39.92999687272726,116.47865869545458
39.91805662775116,116.30081914928253
39.97476637579991,116.33117110820258
40.07265761121853,116.327494794971
39.97549437272726,116.33186266363631
39.97618571428571,116.45850000000006
39.95371666666666,116.45471388888893
40.046701926966136,116.33315199999991
40.0070393253968,116.32237318783069
40.00720164473681,116.32230959774431
39.931753521739104,116.38776438537529
39.92217512080536,116.42513636241618
39.90961375,116.37176575000001
40.05206037307689,116.40090940384611
40.05263991753557,116.40019129763024
40.052177331476315,116.4004617938719
40.05192343383945,116.40073080694137
40.05264476588623,116.40024727257506
40.05223606382979,116.40068605319146
40.05241210884352,116.40054233711264
40.052505489396445,116.4001399429038
40.05259424285711,116.40023687499989
40.052564263157905,116.4000074473684
40.05273409836065,116.40002442388746
39.887775933712106,116.37756285416656
39.9334409846154,116.3851881076923
40.051108219999975,116.39937424666661
40.05243270702178,116.40047463922515
40.05216656249994,116.40021401406243
40.05229211160059,116.4002057077828
39.934466224358985,116.43021489743585
39.98019385661764,116.3104655882353
39.981307771428575,116.32735017142859
39.9822363556231,116.32773365045594
39.96468105932203,116.53515236440676
39.97540447358119,116.33645400195701
39.975541457142846,116.33154122857144
39.97530305060578,116.33686264575907
39.934085165644156,116.43007855828225
39.981898275862065,116.32764921551725
39.93392757258066,116.43028249193549
39.93483596590908,116.43059056818183
39.98119515143244,116.32790554706693
39.93475500263157,116.43018357631588
39.93429978688525,116.4304614918033
39.93430251724137,116.43051955172413
39.93384320512821,116.43065079487181
39.93411989622641,116.43035376415092
39.934300653061236,116.43034591836724
39.981800343137266,116.32735975490203
39.93466817582419,116.42981139560445
39.981447446153844,116.32787018461542
39.934741255319146,116.43015364539002
39.934754855932226,116.43001580932194
39.95098055263158,116.34931575
39.98105849586775,116.32810451239665
39.93466653571428,116.43071171428569
39.934630147186105,116.43010512987013
39.935679794871795,116.43064302564105
39.934602407407425,116.43019826748971
39.934763184615406,116.43015575384607
39.93476425806451,116.4307715483871
39.96737610810811,116.3782421891892
39.98035205263159,116.32817381578948
39.981302430517694,116.32769997275201
39.93481786666666,116.43058653333333
39.9328355,116.4298923125
39.93472766917586,116.43030376901763
39.93465315476192,116.42948761309526
39.9077777093596,116.57102482266015
39.90795518691588,116.5723011308411
39.937432,116.4338195
40.098152222222225,116.28814722222222
39.97739930769231,116.30417323076924
39.93789431914894,116.43288814893617
39.89988193749999,116.40925337499998
40.098234,116.47526116666666
39.96707562500001,116.333296
40.09942528571429,116.28760638095238
39.910089941176466,116.42056276470588
39.96751940000001,116.4293948
39.9429729245283,116.37750796226415
39.900997,116.314768
39.94573872808987,116.2987704584269
39.98101361986629,116.32720521203451
39.98091548919135,116.32737210728601
39.981810438144336,116.32767244845365
39.98116818811883,116.32788588514849
39.98097547656251,116.32806550781257
39.981108829032266,116.327727383871
39.934466224358985,116.43021489743585
39.98019385661764,116.3104655882353
39.980372220942414,116.32799399476436
39.899611340148695,116.34000784200762
39.90360293288589,116.33998375838924
40.063888096491226,116.40338900438589
39.86479153846154,116.3479456923077
39.975556447761186,116.3319911641791
39.899318271889385,116.34077312903229
39.98103401247774,116.3274956702317
39.98878540755471,116.3047161491054
39.97993298571429,116.32791056428576
39.86551733333335,116.34701382222224
39.980376939024396,116.32829482926829
39.9060990391198,116.25033827872879
39.8995410876494,116.34048387649409
39.98045440000001,116.32833523404254
39.98064724609375,116.32862820703122
39.86507669117646,116.34630654411764
39.98072329720856,116.32919778160912
39.9811337164557,116.32781495696197
39.89978324999999,116.3401439891304
39.98086722812495,116.32907174999983
39.98098328828827,116.3285816261261
39.980860606299196,116.32862628608915
39.899602137931026,116.33928113793105
39.98316135016839,116.49040192929303
39.91422520725392,116.33039706390333
39.89972752941175,116.33988764705882
40.05786923376624,116.40805428571427
39.98107533076924,116.32836324615381
39.974678926470595,116.33137060294116
40.072066425531915,116.40470163829785
39.990022,116.410571
39.98980110810811,116.3018082702703
39.980608117647066,116.32924400000002
39.981117550000015,116.32817186666666
39.98076991666667,116.32895779166665
40.06693121428571,116.15160110714287
39.86537689473685,116.45376568421055
39.90362433333333,116.33675833333332
39.98161065384616,116.3283005769231
39.899418142857144,116.34187721428573
40.06587001550388,116.40480568733854
39.90958051612904,116.36785064408602
39.984120354201686,116.35458518151265
39.93598230299999,116.34741038099999
39.984371219101135,116.35317391685393
40.040966606349215,116.30383300264549
40.04312528,116.27467464000001
40.03006414141415,116.4089250656566
40.0745583,116.2389049
39.95579393939394,116.36914545454538
39.9396911707317,116.34763646341467
39.975501274853784,116.32934023976611
39.97574297391306,116.31106578260872
40.00802387914711,116.3193680567622
40.007894191082826,116.31934492144357
40.00754338892779,116.31947001681854
39.976864290322574,116.35625737152395
39.976313623574114,116.35576209220525
39.991785867132855,116.32601957342655
40.00797304034819,116.31929343354442
40.00803008749999,116.31916491250006
39.97743897435896,116.3316166666666
39.92791954698796,116.30241341566266
39.93654367500001,116.32988072045454
39.97355160256411,116.31937307692311
39.97517894736841,116.3145201754387
39.97535666666668,116.34012166666658
39.90684603174602,116.40699206349204
39.97527833333333,116.33120666666659
39.975131666666655,116.33241666666672
39.92325,116.15417222222233
39.975299838028164,116.33002215211265
39.99641743064518,116.27582909798376
39.98918341813032,116.27167762577888
40.05215232,116.39943643999999
40.05145776470588,116.39868435294117
39.97570049583334,116.33192237916667
39.911433536000004,116.597711996
39.97611912187499,116.33173310937502
39.91151612,116.59872863000001
39.97573391935482,116.33189525806456
39.91153719500001,116.5982614775
39.97574266944444,116.33187725277776
39.91142927,116.59873794
39.91148016296296,116.59665432592591
39.9759928862069,116.33176700689654
39.975862884615395,116.33185328076921
39.975752166666666,116.3319170875
39.975910772727275,116.33192660909089
39.975793321621616,116.33184602162166
39.911338155555555,116.59798734074074
39.97590505531915,116.33143724468086
39.9113314125,116.5972330875
39.97576240869566,116.33190096086958
39.97575024117648,116.33166768823529
39.975815845833345,116.33189041666668
39.92214409302326,116.33590106976742
39.95398114847941,116.4933992218248
39.99952288372092,116.3849433100775
39.97274135,116.48457484999997
39.9003862898193,116.39540412725785
39.918264,116.433529
39.92718386182103,116.47093993809902
39.928440411764704,116.47210920588232
39.92211534586466,116.47227741353387
39.95388760869566,116.49340302173913
39.92713845371778,116.47123834294389
39.97187966666667,116.48358653968259
39.99343152702702,116.18633232432428
39.99629038402455,116.33428776344087
39.968490155963316,116.39630119266053
39.96867106720428,116.40005227419363
39.9451109902439,116.41079038048785
39.95371666666666,116.45471388888893
40.046701926966136,116.33315199999991
40.0070393253968,116.32237318783069
40.00720164473681,116.32230959774431
40.00924425561793,116.37496495786507
39.89442661267605,116.31512453521138
39.936651857142856,116.39672419480523
39.90666531559632,116.4711853119266
39.9773693487395,116.31000377899157
39.99878253439146,116.30985230052923
39.97564120366972,116.3110071192661
39.97045351690141,116.4187465690141
40.01455578360657,116.34540287049181
39.98642830592106,116.38255150986855
39.97531579807692,116.33174432692309
39.975526408695636,116.33236468695655
39.996309413793085,116.3851602844827
39.99231903448275,116.32622237931037
39.975347425531915,116.33061129787231
40.09855521428572,116.28818864285712
39.97531966272192,116.33123107692305
39.973005058823524,116.33150676470586
39.98686301351353,116.41474124324331
39.946088986666666,116.4110750511111
39.97662083333335,116.32982499999999
39.91040196078431,116.25612352941178
40.05187083333335,116.36725
39.97599679487179,116.3054108974358
39.96669351851852,116.34475277777784
39.97666621842106,116.32990765789475
40.08715128,116.15035562
40.076041153333335,116.32373049999998
39.927133616666666,116.47145415454547
39.927611025531895,116.46951746914897
39.97615106666667,116.3310237
40.05298271904761,116.40890628571428
39.9760101,116.3310184272727
40.00664016216215,116.50078523243234
40.07657896410257,116.32598433846154
39.97582802727272,116.33066001590913
40.097276599999994,116.47510719999998
39.97633435454546,116.33136433636363
40.076362380769226,116.32432977307694
40.076048939999986,116.32340619555553
40.07662076103897,116.32468950909092
40.07575664887639,116.3274576516853
39.976261400000006,116.33099482666667
40.07642422142857,116.3242116142857
39.97508194385297,116.33037869366295
40.07657901555555,116.32650723555555
39.94830906074073,116.48244963925929
39.94873775000008,116.48238767420094
40.07642807647059,116.32392895882354
40.07608406470588,116.32557104117647
39.97562828793104,116.33193322758619
39.87453562820512,116.46478755128203
40.0762654816594,116.32721574978163
40.076115245454545,116.32375934545453
39.97628041543625,116.33126937449669
39.97625327391306,116.33110943478259
40.07647024903846,116.3242069173077
40.07615763859649,116.32364053333329
39.90888483896104,116.36984119870135
39.75694189882351,116.31091841294119
40.07607104065041,116.32350460650406
39.918234423684204,116.30264000657895
39.97634284000001,116.33099295333332
39.90935428800001,116.400581812
39.93396221612903,116.38340651612901
40.07660393681317,116.32455085989011
39.97583200769231,116.33120441538463
39.93780738980894,116.321945867516
40.07617470569104,116.32518468008128
39.98130243703704,116.31028332407402
39.95840185714285,116.28636327857143
40.06701589473685,116.1519232736842
40.06698633333333,116.15208854999999
39.87493575523809,116.44659101047615
39.976095368749995,116.33127786874998
39.97622511578947,116.33098406842107
39.895762344117635,116.45346961470594
39.895421078947365,116.31125381052634
39.97651087777778,116.33103655185185
40.07613116363637,116.32391887272729
40.0986799,116.4752916
40.07657216410257,116.32637357692313
40.0760297909091,116.32446087272729
39.9081719314286,116.36771768285716
40.07643761081081,116.32418176306305
39.976192143750005,116.3307962
39.9899283,116.29419
40.07636232653062,116.32319822142856
40.007400249107135,116.45993256874999
39.93253083758388,116.32625177785239
40.07620062352941,116.32374739411765
39.99201520769232,116.45671359230765
39.97746306000001,116.36207767714285
40.0761229625,116.323819525
40.01215983920863,116.36040809028769
40.07671989512195,116.3268838390244
40.059154322666686,116.40840905400003
39.975823752000004,116.330531204
40.076386521374054,116.32432022366417
40.076435151456316,116.32707697184468
40.07602003250001,116.32340352750002
40.07665170400001,116.32534284800003
39.90446617639484,116.47011137553649
39.97550745405404,116.33201710405407
40.076144120588225,116.32360926470588
40.00307337075474,116.16999514999993
40.00399672812502,116.16949409062491
39.97613753500001,116.330866775
40.081125262499995,116.32627201250003
39.92273132113635,116.38999393477259
39.97700353076924,116.33091505384616
40.076046815384615,116.3236201423077
39.985961050292424,116.3455306181287
39.87387663278689,116.34739729508199
39.900003099180296,116.4286694737705
39.976243649999994,116.33115875000001
39.932478235000005,116.43172877749994
39.913515184782625,116.44038760652171
39.99014455310175,116.1714475223327
40.076543016,116.32541773999998
40.07662207234044,116.32544380744686
40.07574542307693,116.32795661648346
39.976037840000004,116.33121537999999
39.87476497076924,116.44697989076924
39.94302230833333,116.45989286666668
39.917182425714294,116.44491748285716
40.07632496875,116.3240442229167
39.93993508965519,116.42679238793102
39.94871180784313,116.44089573333338
39.94724968461538,116.4668393076923
39.94055653636364,116.34582402272727
40.0760009,116.32317288571427
40.076483711111116,116.32641222222225
39.974700956828876,116.33099073061227
39.97412926,116.33238727999999
39.97616879130435,116.33111950434785
39.97664269411764,116.33105521764706
39.93658473414632,116.38960476463423
39.93982267599999,116.42443001999999
40.07623691818182,116.32445206363637
39.94138204354839,116.59825862096775
40.075990921875004,116.32352473437501
39.975618835443036,116.33055045189873
40.076006462857144,116.32355598571432
39.899445064285715,116.46990732142856
40.07603602857144,116.32348243928574
39.88721020359712,116.3562146422062
39.91805662775116,116.30081914928253
39.880648561111116,116.3048662666666
39.93300295555556,116.38563786666668
40.00558729299363,116.34273207324851
39.933358248587595,116.44821301694918
40.00581548627453,116.34256403137252
40.00681275384615,116.33018075897435
39.98472414857142,116.32061524000001
39.906575972727275,116.39300864772726
39.93582096951219,116.3885066890243
39.96863889932887,116.39954267785237
39.96831929178469,116.39970790368277
39.95371666666666,116.45471388888893
40.00606111111111,116.32245138888885
39.90743039215687,116.41059607843141
40.05169696969696,116.40574924242424
39.98855848571428,116.41554056122447
39.98716863255815,116.4145456767442
40.01042027686565,116.19476384701494
39.99231132142857,116.41413922857146
40.0902783,116.4683183
40.098930259999996,116.58089392
39.99254140833333,116.4140209166667
39.972097194616936,116.28906912008277
39.94755833333333,116.2657283333333
39.76654298333334,116.15124395
39.94907813084112,116.26722773831787
39.92334106930694,116.26536802970291
39.936067475,116.4554249625
39.95614047619047,116.39733928571421
40.027016666666675,116.4344569444445
39.84659982040818,116.42688977653063
40.01993237555555,116.44760886888889
39.93932291147542,116.38899237090168
39.835526402272734,116.46575216136365
39.90328527243246,116.42088461405407
40.026731658208966,116.20190800895521
39.96123848484848,116.37804297272729
40.02755492307693,116.43189015384615
39.90417436666668,116.36650996666664
39.90429294444444,116.36630577777777
40.027445111111106,116.43241402777777
39.97843463636364,116.34685845454545
40.02731485547247,116.43298012344285
39.96129358333334,116.31460075000001
39.9308401,116.5075223
40.0309353,116.4124939
40.0979775,116.4753075
39.90464059999999,116.36581833333332
40.04271076212838,116.40508078560207
40.031562720000004,116.41178616
40.02724555555554,116.43219494444446
40.027111307692316,116.43190023076924
39.89551706114398,116.31797080078888
39.989615867491224,116.27094588869265
39.99319511202184,116.27439644535515
39.95579393939394,116.36914545454538
39.908054,116.37444133333334
40.04951867272727,116.28087391818183
39.97599679487179,116.3054108974358
39.96669351851852,116.34475277777784
39.927611025531895,116.46951746914897
39.932194621649494,116.47065503505155
39.927158833215564,116.47112398339225
39.989859532,116.46238901599995
39.966943748251744,116.34511107692308
39.927137299999984,116.47171427499998
39.989518399999994,116.41072880000002
39.926151832599096,116.41106440748904
39.96120859090908,116.37726468181818
39.96697236363635,116.33683880716262
39.92948443661973,116.47219005633802
39.96711809104196,116.34510324241302
39.90888486666666,116.47200736666663
39.91230576923078,116.4686336495727
39.88839338339917,116.35237911462451
39.95447459704639,116.36727502953586
40.00365080808082,116.50951798989901
40.0277935777202,116.4333507875649
39.88238327536233,116.41407847826093
39.92724986516855,116.47148374157305
39.93655979411765,116.32268197058823
39.9292868974359,116.47223741025641
39.92773803125,116.47196060937502
39.96722070992365,116.48291583969467
39.927353589147295,116.47172427131787
39.92796964615384,116.47211289230769
39.94551919999999,116.28214725000001
39.92785028089889,116.4722434382023
39.93124445833333,116.4499145833333
39.92680773170732,116.47168346341462
39.94657754166667,116.46760370833334
39.92842573333332,116.47195018666666
39.927349065573765,116.47204537704911
39.86464566666666,116.53543371428569
39.946556517699136,116.35751303982292
39.97535555319149,116.33115461702127
39.99577705161288,116.51402077419345
39.89531726865672,116.3685566567164
39.8881402826087,116.28729358695655
39.77511274999995,116.45450570081965
39.98570802325581,116.44970860465115
39.986510964285706,116.44905924999999
39.97550182089551,116.33764679104478
40.03045788333334,116.35111623333337
40.046387292682944,116.42741753658531
39.98566013043479,116.46153898913043
39.987254287903305,116.449115703226
39.98744767571637,116.44853309502264
39.98702679297363,116.44962787703896
39.98757927187072,116.4488526554508
39.935220770334915,116.38573666985647
39.94909552941176,116.33078697058826
39.98643042424243,116.4489814242424
39.870663011764684,116.34795072941174
40.00748962389383,116.19738860619469
39.99135945762712,116.46328386440678
39.98711174141411,116.4493855919192
39.98618864739885,116.45072307514447
39.98710135169487,116.44933965889825
39.973048937499996,116.442816125
39.9123153902439,116.40526871544711
39.988297148148156,116.44745861728394
39.98618195,116.44930140000001
39.98879496296295,116.4747275061728
39.97986721052632,116.30340236842103
39.98720189873418,116.44812801265819
39.98623172222223,116.44964757407409
39.894792717808215,116.39190790410947
39.978756578947355,116.30336591228068
39.7515117037037,116.33807996296292
39.976729777777784,116.47461251388889
40.03113976329786,116.42152055319147
39.98610771126762,116.44985850704225
40.03110352272727,116.42135969318174
39.90904889090908,116.36354517272727
40.03062375656741,116.42133114185641
39.90645969047618,116.44880390476187
39.83681658763275,116.46232490054713
39.986061596,116.44951060638888
39.97799096418734,116.3310556267217
39.97840562061403,116.33127426315791
39.97855242151422,116.33085854455226
39.97903057823128,116.30365074829932
40.0304976190476,116.43179444444444
39.97520952380953,116.33091547619043
39.99007170542635,116.17269806201556
39.91519916312057,116.42806589361707
39.97543257142858,116.33096042857144
40.075617699263915,116.5902727350158
39.927245157407384,116.47063039814822
39.946556517699136,116.35751303982292
39.99577705161288,116.51402077419345
39.89531726865672,116.3685566567164
39.77511274999995,116.45450570081965
39.98570802325581,116.44970860465115
39.986510964285706,116.44905924999999
39.97550182089551,116.33764679104478
39.98566013043479,116.46153898913043
39.987254287903305,116.449115703226
39.98744767571637,116.44853309502264
39.98702679297363,116.44962787703896
39.98757927187072,116.4488526554508
39.98643042424243,116.4489814242424
39.870663011764684,116.34795072941174
40.00748962389383,116.19738860619469
39.99135945762712,116.46328386440678
39.986037565217394,116.44918456521737
39.988297148148156,116.44745861728394
39.98618195,116.44930140000001
39.98623172222223,116.44964757407409
39.894792717808215,116.39190790410947
39.90904889090908,116.36354517272727
39.93242437866666,116.45056694594874
39.975393940950006,116.31134115220001
39.98793702547421,116.47551181377324
39.980243880959996,116.30283468707998
39.986395061461536,116.44912948784615
39.83681658763275,116.46232490054713
39.986061596,116.44951060638888
39.9867661401682,116.44953253517757
39.98195069047662,116.45109217564486
39.90425722995256,116.45444195301359
39.962554919254686,116.39894503726708
39.931108333333334,116.49135
39.97554041758242,116.33168969230768
39.970279258403366,116.42243092647062
40.005869722222215,116.32083040000008
40.00590420869566,116.32101199999997
39.86755791320755,116.48781280377382
39.97100143609021,116.41885078345858
39.96969940000001,116.4229602741935
39.97544773076922,116.3300603509615
39.9864191922526,116.38256228694381
39.947394429687485,116.47014582812494
39.93369818253967,116.44796631746037
39.97531579807692,116.33174432692309
39.975526408695636,116.33236468695655
39.996309413793085,116.3851602844827
39.99231903448275,116.32622237931037
39.975347425531915,116.33061129787231
39.97150007142857,116.42197664285716
39.973005058823524,116.33150676470586
39.98686301351353,116.41474124324331
39.97967883333334,116.30356133333332
39.86628763934426,116.34748739344258
39.979936470588235,116.30249823529408
39.865231558620685,116.34906362068966
39.97979196,116.30345823999998
39.979440206896555,116.30373017241382
40.06560448780489,116.40497936585369
39.98035926666667,116.30265815555555
39.97915227272727,116.30422003030303
39.985514812765935,116.18791588085104
40.06410932142858,116.40483050000002
39.93811642857143,116.42551557142853
40.051287090909085,116.39885249999998
40.050804684210526,116.39870415789473
39.9963833333333,116.286816666667
39.98219166666666,116.30311041666661
40.088209451290545,116.30598577851781
40.00753760139859,116.32028787412585
40.00882507294832,116.32667457750769
40.01112970103093,116.32273668041235
40.007958571906435,116.31933777369002
40.008171088687746,116.3194299796381
39.99946727162792,116.32768541767432
39.97717210570245,116.35638536995829
40.007594480000016,116.31937705499999
40.08936815018316,116.30397571428561
40.01005826056336,116.32241371830985
39.991785867132855,116.32601957342655
