331
82
52
233
52
47
331
52
537
82
128
82
51
3
546
23976
13
78
52
28
546
52
23983
52
544
125
52
23989
546
284
52
82
27
178
51
52
91
82
82
322
124
23998
51
82
282
51
52
124
82
124
51
82
19714
128
51
94
51
133
23404
52
377
24025
91
82
52
82
82
255
91
52
82
133
52
51
52
256
51
52
67
255
52
82
52
24046
441
311
52
52
106
82
128
52
52
21552
124
355
82
52
300
61
82
255
52
21287
19729
517
256
52
273
52
52
52
19609
82
26203
82
52
18
15
52
284
273
19
52
82
82
82
23722
82
61
52
256
106
78
106
61
393
261
52
246
61
84
52
6
84
52
82
64
116
25124
308
257
52
52
52
78
82
52
82
52
82
435
52
19744
84
255
51
162
319
25138
255
109
366
52
52
51
52
256
125
52
22612
52
125
531
82
172
82
306
23783
94
23029
61
91
533
284
327
82
13
325
23468
533
52
545
82
109
356
26259
61
533
319
106
316
22644
27
82
52
533
22646
128
1
533
23487
52
311
23222
128
26263
26264
459
22655
78
78
22660
284
410
51
13
78
82
412
15
52
331
181
19
300
146
300
52
300
82
316
82
78
300
300
300
326
300
13
22681
620
300
25994
82
489
25997
284
24162
535
52
300
26281
52
24169
36
22701
300
105
300
22709
52
172
300
52
52
300
61
52
118
535
300
284
25229
529
52
52
19
24202
78
78
22731
52
52
300
61
300
15
26011
356
52
420
300
300
78
82
52
61
78
52
22
210
238
163
331
24248
52
26017
300
300
281
24255
300
52
300
300
300
412
78
26022
61
52
238
38
26325
532
23858
19893
37
300
21224
51
52
52
52
19911
52
52
52
82
255
82
52
52
20611
20612
52
23901
0
23903
61
23905
52
26356
255
256
25886
24975
52
79
24978
19689
132
76
23923
365
23927
356
165
24987
51
50
27
255
52
52
95
135
52
330
139
82
139
26118
52
82
20278
23943
139
82
135
61
52
52
23949
25013
61
52
52
377
82
64
125
